13

0.8911281447218795 0.11305571183988401
0.07940271446390261 0.10088854333937898

9.304619357057742 -4.952127004060397
-0.09947695334539403 0.11658297270239784

-5.53804831260554 -5.718315504554886
-0.6674899554075979 15.300178683691998

-0.12542550711590464 -0.10424514133925153
4.970270134358212 9.86880428506876

5.294555211559328 1.5069839761357413
6.606793698625132 4.4548570836670915

9.700451010061883 -0.2143217492090744
4.994129072442929 0.7611989836534069

0.23607409132913038 -0.07315748960474448
-0.04649614631589261 0.19778281223939287

5.573169488540639 -1.8242838811897117
6.717859250710036 -4.943854792203893

10.44484914767556 0.501514253593141
5.310010253066647 -1.3464197858386011

0.055066129915219496 -1.0461425295410163
-0.25698781205801813 0.09456984590810491

-5.432458203731814 5.72185375856496
-0.6074329555938336 -15.669355625240517

9.46441891767285 5.315119638480826
-0.004953211766666622 0.07310724110820516

0.07259544281473496 0.0028306443557412158
5.070717186752334 -10.283008486636962
