7

11.757230421972444 -8.534220401243684e-16
-1.1774158816770566 1.5729493492821576e-16

-16.678941002248582 3.4158134477716795e-14
12.800535254893454 -1.849402779726022e-14

-1.9798213979617318 -1.4833376540186904e-15
10.777263062126316 8.569069414595497e-15

4.881881199178243 -6.200173376531976e-17
8.409028043225177 -5.735889594668499e-17

10.058160268570287 -1.6099751662382216e-17
5.025043517078483 4.206977714082416e-18

-0.6983595039707376 3.7353744470723798
-9.160549794465808 1.0430387803356955

-0.6983595039707304 -3.7353744470723984
-9.160549794465837 -1.0430387803356767
