74

0.20588501881341012 0.4894392420328691
-0.3954425029292616 0.6532843990037567

0.46060825889432483 0.06641321145397026
-0.2217307913538724 0.02917267913521974

0.26332387113130934 0.03789414655693973
0.29978898539164345 0.02273670243485679

-0.05573209624096014 0.861211718436649
-0.06431171302529128 0.8601366616855655

0.20762824201088184 0.05765202039078459
-0.5311743723387108 0.059233591177298726

0.345155646245315 0.27343852147517245
0.772369944857052 0.1261573416609467

-0.31991869439069887 0.02934044744428076
-0.2715284837343737 0.005267201308711028

-0.2571566184096491 0.06125081503037105
0.49812682468889546 0.03484758015400608

0.18291284697453802 0.012589008103793896
0.0029561387005392317 0.0021315231348753797

-0.012466791307719148 0.023525205852956588
0.0033962856319845803 0.015812562488219443

0.5919099782446889 0.11706853911494512
0.5055256534923149 0.34572517379447754

1.225082932503897 0.07448086334292293
-1.8608349664738189 -0.6946180888817459

0.9427454570272433 0.5444985052316641
0.8882043624304895 -0.471551673403964

0.20063805194998763 -1.6129841714135953
1.1440130699769824 0.3034390266205864

0.9861452795499109 0.1581447124583857
-0.8197876033034615 0.5446761254316868

-1.766967729897202 1.512977775276679
0.6179226346373169 -1.7719232814541743

-0.5266384852829887 -0.3016413396135969
1.0244397855825997 0.3759491487444599

1.031157646371675 0.33118541980946087
-1.72672723349573 0.38340320832782643

0.031252663700024996 0.8664743178789636
-0.0323685856805318 -1.7914386408547824

-1.358598067138884 0.16595629170422552
0.056799832441582446 -2.6658709904284006

-0.36066957418763 0.7735271471430715
0.2726126607880613 0.3481039534859723

0.8889200840052881 -0.47878211103045176
0.9563261149176084 0.559831888356057

1.8913086293707853 0.08052112635371875
-0.9708375989638028 0.5230760998297834

0.4228232566989082 0.12558337032920527
-0.8739271792673098 0.23069073882448543

-0.8750719145425769 0.7005547475162465
0.5821425254457006 -0.125976283256439

0.05879068912729774 -2.4574577577706687
-1.3006245182514455 0.1550661659054584

0.7868305433810533 -0.3313626311911212
0.5580383680081283 0.45364579573723607

-0.24343292879301548 1.7220687807983084
-1.1585155722813105 -0.16230762807013213

0.22991439518306037 -1.3318572725409268
0.29975896695299054 -0.6490863602887464

0.3602674447839368 -0.8110409898516935
0.19909573524582297 -1.2761369693307494

-1.0941106324627663 0.6627533520246042
2.1228840388378205 -0.02036999032192134

-0.11521808287345044 1.3322615772134583
0.05783412239646338 -0.6648229836815018

-0.5903930936590701 0.687354740909134
1.0612370920543226 0.021629977452015656

0.9024080278297203 0.22897136850447994
-0.5502740889867231 -0.2135679314890485

-0.010771614717041078 -0.4635073675903939
-0.010344068974064567 -0.46352192694088695

-4.128056209508587 -2.3114392770600625
5.165244007074836 4.057597580510502

-0.463166548736778 0.32045618346789717
0.9226491082345479 0.03491787985321186

-0.4085925868469525 0.8568745270682762
0.21629707281358074 -0.4378322759083558

0.348261413963287 -1.014013950757086
0.31248179349109906 -1.0996789315339202

-0.2026574568578927 -1.070271272715633
0.10244537055309534 0.5355836462236486

0.3668188506775248 -0.5546200294248494
-0.7652267053371024 1.0166354001538425

0.06482920395193512 -1.568773882097526
-0.022555456406577825 0.7803920374965247

1.202562139613698 0.2490483047345042
0.007947462673114759 -1.7577712926889275

-1.337002012945654 0.00474283617895891
0.6429154652574691 -0.39120739467973004

-0.5462411219624669 -1.7077633981397733
0.46088293409329445 0.9923937460470652

-1.6463709852210413 1.5726890661840207
2.2586910163612064 -2.701009777989994

-0.4486826088388899 -0.3203567448967982
1.1295357100594545 0.0903093097917912

-0.8350829345611189 -1.0479024260525542
1.9014274195734027 0.7025244455450685

0.9519505354715563 0.050340088316918837
-0.33533390652468803 -0.24288792686184435

0.6374819923696676 -0.25312051675327707
-1.262124906900443 -0.13518387729722123

1.876780211235534 0.20268852170903215
-0.9257580142147709 -0.6533826379293332

-1.4255702044834353 -2.9518564896227693
-0.0047544055466879264 3.1636285478351973

-0.5700569541151363 0.04440495256616591
0.23629147708219303 0.05999914214451208

0.5356866582937317 0.021110518382248856
-0.01594963659077893 -0.018383557427183794

-0.7512292394839893 -0.3908762323607524
-0.6781868978510008 0.48016815575788446

-0.5285067334604355 -0.0171000552369668
0.5404196612541353 -0.012973821266268431

-1.395149219545889 0.3175955069690723
0.7823952976025532 0.24614396131789096

-0.0037039875639468408 -0.021224057871067147
0.5358327918427643 0.020797509566771972

-0.5491915633699846 0.018196777208715417
0.008455977322844543 -0.01996361304639164

0.022077356170568562 -0.030810992571429746
-0.551608513450355 0.019516275026852634

0.5143069961673264 0.45025006195009876
0.7837187374200887 -0.29336771299574005

0.8301668689649743 0.047826562068259144
-0.3643872957073762 0.24150322052344222

0.6779132027844886 0.3350200415359038
0.49593356538556493 0.06857382803619272

-1.1666159319100473 -0.23624443333823017
-0.483282740888996 1.781561907350743

-0.68609599923476 0.4965285207629438
-0.7627919990514217 -0.3831865964098873

0.08686293972862723 0.5878090234110395
-0.17407169597643748 -1.173877367136492

0.06474423459246494 -0.6249980737348211
-0.13068621102200975 1.251052164755782

0.5300124758200114 -0.005529589955391415
-0.5184611415292768 -0.01781078101459911

0.0005834665333641674 0.2869962699877019
0.0065799464386010545 0.28357369790931325

-0.19528555270476752 0.014941305077393295
-0.0011684060498574184 0.001992286065405826

-0.19103822809089646 0.0046524907029900755
0.18923259647975577 0.0015321144803266788

-0.004011889009086379 0.0028247388086776464
-0.18950432475584872 0.011226194933110159

0.18190649381859475 0.0056912663365863035
-0.18336879178916057 0.001553898125888685

0.0004160077363577796 0.004009460054360585
0.18848667769185412 0.010698747967311673
