59

-0.6934477679555241 0.39189143590084463
-2.313132282850461 0.06156377320046867

0.5427601994434249 2.72800038177186e-18
-0.18018901419984795 1.4743564894911222e-17

0.29906700601796926 1.1422138044021358e-16
0.28724870687091925 -1.0753176693227586e-16

0.2669354407861624 -1.111651902700802e-17
-0.4952522652667655 2.056962929574623e-17

1.145368151259418 4.853530166890574e-16
1.068728568956334 -2.068741395568702e-16

-0.25368660955089023 5.082358022829487e-17
-0.25993444125577186 -7.765719289209109e-17

-0.17771441531166282 1.0795383059660402e-16
0.5387535784862593 -7.885642263039362e-17

0.2008029731610833 1.72599942069142e-17
0.002860207071978377 4.746031186960147e-17

0.016686800070020488 2.3705235535791445e-18
0.013086455729810365 7.63726911807352e-18

1.2437466761972125 -0.14974679989579273
0.7775673933081871 0.5336784310102527

1.1459707810744657 -3.2641454240915332e-15
-2.0227042242670263 4.999080967297689e-15

1.243746676197212 0.14974679989579331
0.7775673933081878 -0.5336784310102518

-3.5042765787412233 0.5856740125447361
1.4418036788778084 -0.7571698893635489

1.6097894234957557 0.0310569331388373
-1.2110281496235809 0.24004533943990586

-1.2403623244724624 -0.23031147140334463
1.6412348159607633 -0.03345761201496361

1.4208855254269266 0.7331225782176196
-3.4096360587824774 -0.5127380126064959

-2.3128570180314916 0.054027628896116654
-0.692555772780592 0.42592843032849825

0.7598053635227412 -0.5342087598979273
1.2338928848191015 0.17849396224993888

2.850022826124904 -0.7407966186555154
-1.1608137938368275 0.873755574911233

0.5492105593923291 0.25968530669648116
-1.0702506519141566 0.03372550376452764

0.7009030061137973 -0.39353051015292184
0.7051721214696731 0.3820820234860635

-1.1773238923983138 0.8954424937102518
2.9209561404651847 -0.8005064220868237

-0.1866692574231175 1.1951407414669077
0.09285687645049853 -0.5979011149005419

-1.2403623244724633 0.23031147140334718
1.6412348159607641 0.03345761201496055

1.6097894234957557 -0.03105693313883749
-1.2110281496235815 -0.24004533943990572

-0.09989463807752003 -0.4397260929898612
-0.09999890318738451 -0.4399887073718876

-0.4656312794520502 0.2121307551031342
1.009841164114739 0.10187700443214807

-0.18666925742311113 -1.1951407414669115
0.09285687645049506 0.5979011149005438

1.420885525426925 -0.7331225782176185
-3.409636058782474 0.5127380126064874

-3.5042765787412193 -0.585674012544734
1.4418036788778068 0.7571698893635495

-1.069452510916778 -0.03531063426946044
0.5469677611530499 -0.25894360338543004

-2.08198783160287 2.5536563125608985e-16
1.1941751108001044 -3.5616430974894686e-16

-0.46563127945205 -0.21213075510313428
1.0098411641147385 -0.101877004432148

-1.1773238923983123 -0.8954424937102513
2.9209561404651803 0.8005064220868228

1.0109569785932582 -0.10337137286703894
-0.46621212213451624 -0.21138219864592844

0.549210559392329 -0.259685306696481
-1.0702506519141564 -0.0337255037645277

2.850022826124901 0.7407966186555092
-1.1608137938368284 -0.8737555749112305

-0.4912245696789008 -4.4480930508297375e-17
0.26114806904662935 -6.160139974346579e-17

0.5555285159325019 4.18301914862028e-17
-0.04274587983033408 -8.257171183151295e-17

-0.6014066900149972 -0.3259744236470743
-0.6020050909937141 0.32925549417870026

-0.532050221848435 -1.8460628964794282e-17
0.5166632948556596 7.090848084764835e-17

-1.0694525109167774 0.035310634269460996
0.54696776115305 0.2589436033854296

-0.04527729807079262 -1.2092441185752313e-16
0.5550131169046842 -2.26572059841928e-17

-0.5300592954204847 3.764777619292547e-17
0.002310013070133069 -8.602198576376318e-18

0.0003170066357472208 4.65944223895295e-17
-0.5294391189743498 -3.4251430405635584e-17

0.7009030061137974 0.3935305101529216
0.7051721214696728 -0.3820820234860638

1.0109569785932584 0.1033713728670391
-0.4662121221345159 0.21138219864592825

0.7598053635227414 0.5342087598979278
1.233892884819101 -0.17849396224993835

-0.6934477679555258 -0.391891435900847
-2.313132282850461 -0.06156377320046822

-0.6014066900149972 0.3259744236470743
-0.6020050909937141 -0.32925549417870015

0.07303612789345462 0.6050883800094649
-0.14687099054678845 -1.209972253460438

0.07303612789345335 -0.6050883800094605
-0.1468709905467855 1.2099722534604296

0.5167363916638344 -8.400363587910863e-17
-0.533021383996236 1.2254122372666444e-17

-0.09989463807751882 0.43972609298986265
-0.09999890318738346 0.43998870737188883

-0.18123871915469447 5.456535176490999e-17
0.0012230475982083575 3.8127903043594674e-18

-0.18169506427415155 2.2668095697052242e-17
0.18694347178850332 -2.1318957835324325e-17

0.0018827845572204564 2.85664803474845e-17
-0.18215938093965264 -3.13233933828456e-17

0.18842378915335004 -7.667130656078357e-17
-0.18322319106926327 1.4775068816467747e-17

0.003463119599510463 9.839562246181312e-19
0.19915763200484898 3.296386837090968e-17
