23

0.5427601994434249 0.0
-0.18018901419984795 0.0

0.29906700601796926 0.0
0.28724870687091925 0.0

0.2669354407861624 0.0
-0.4952522652667655 0.0

1.145368151259418 0.0
1.068728568956334 0.0

-0.25368660955089023 0.0
-0.25993444125577186 0.0

-0.17771441531166282 0.0
0.5387535784862593 0.0

0.2008029731610833 0.0
0.002860207071978377 0.0

0.016686800070020488 0.0
0.013086455729810365 0.0

1.1459707810744657 0.0
-2.0227042242670263 0.0

-2.08198783160287 0.0
1.1941751108001044 0.0

-0.4912245696789008 0.0
0.26114806904662935 0.0

0.5555285159325019 0.0
-0.04274587983033408 0.0

-0.532050221848435 0.0
0.5166632948556596 0.0

-0.04527729807079262 0.0
0.5550131169046842 0.0

-0.5300592954204847 0.0
0.002310013070133069 0.0

0.0003170066357472208 0.0
-0.5294391189743498 0.0

0.5167363916638344 0.0
-0.533021383996236 0.0

-0.18123871915469447 0.0
0.0012230475982083575 0.0

-0.18169506427415155 0.0
0.18694347178850332 0.0

0.0018827845572204564 0.0
-0.18215938093965264 0.0

0.18842378915335004 0.0
-0.18322319106926327 0.0

0.003463119599510463 0.0
0.19915763200484898 0.0

-3.2103350168862725 0.0
-3.2383120091836863 0.0
