243

0.7405499164742112 -0.6046751598920684
0.3792661854109342 -0.7483781425967531
-1.0192645686718635 -1.4780223402304937

3.1820989058409648 1.1455624968843914
3.208320874576465 1.3765841702909594
3.165638021332117 -0.9627597252320644

3.495434945267587 1.1565653752225926
3.9844230257251025 0.9306963170195928
-0.4219291762109818 -0.048832667055619276

0.4404830811936028 0.02474626812389962
0.4030589808206979 0.02438775100552456
0.10136162814677749 0.0028026951626808506

4.240216223117822 0.8989398178299328
2.863833950459564 1.2939611102655155
0.035832255060656244 -0.10701058796227197

0.6398383490105845 0.06011295846613645
1.2722835798048784 0.1700652065970144
0.4168525381105322 0.03215443953798541

0.982766300565013 0.06984799060912981
0.5367786306675875 0.03355135049589216
0.23781448597917432 0.00527124874331523

4.5212679404929705 0.06113733736070609
4.26487471277132 0.09095247342223937
1.8651208811446904 -0.14520656713369542

0.9466118481034317 -0.043674737241971164
1.5345752785025044 -0.10321427924049295
2.3798292542233517 -0.12876758826650908

1.8770972873498328 0.10911275760567468
1.9376992319635182 0.3091969324154156
1.509342587842298 -1.0197338221065775

2.1468234795284142 0.011526917997746836
2.514105734533263 0.19892279885915118
1.0357271357088618 -0.11348870835901455

0.6086814619669639 -0.04847666432133638
0.24956949538222062 -0.010133803136991946
1.0252665218528045 -0.04690854322801092

2.9724489108544048 -0.30922230486879154
1.156412602549479 0.11816420865892892
2.8456207721049314 -0.467106024709179

0.08150372917124118 -0.23686319285572824
4.023445302592327 -0.7256540805877253
4.135552789682107 -1.6785937420342623

3.6678026936382464 -0.7597526519624134
0.20189727615267788 -0.14995519303361643
3.0386720067407227 -1.0593324815051153

1.0477387924631554 -0.21662529843737116
3.3723840622235217 -0.025122380318818614
3.4899401712612885 -0.5908751527091468

1.527524537125726 -0.5533737634172915
3.3281333971233775 -0.4609168640875909
5.5697558847223085 -1.100763800305402

4.003479268951733 0.1121340838585458
3.9146901667509337 0.08967305790913858
2.6957700725748985 -0.12028365312806807

2.501996404142188 -0.41781550400627554
2.283850682711139 -0.08924671296593463
4.657360876157919 -0.6584431777038607

1.8367278226929011 -0.1738046102856227
3.1552478139217452 1.8089806092407137
0.3066370930460586 -0.35635280706905714

3.5059525585136524 1.5522349453927609
3.693193937802051 0.8707297603601128
-0.07427410522674184 -0.2519644191964334

1.9141336916545486 5.151624572539532
1.5505127475789282 0.1320102005179325
4.620608476903423 5.027444807081068

2.0194723740560296 -0.04378612937557306
2.097945064040419 -0.05954051147568539
3.1772974158868523 -0.19682003812755341

2.039977473818835 2.5817166309847592
1.9767276772263829 2.8279146491058222
2.56514165910505 1.0236276135877131

0.8923302115920554 -3.120776428663445
-0.3026676021896973 0.48555622038181334
-0.3966381607721518 -2.1993213363168187

1.1378883735972694 1.7130272150911139
1.4682809833334323 2.59255746469741
0.1867405247880689 1.3173304048555976

0.23408647306665764 2.1087500258254166
3.332649301799652 -1.3952920220119438
2.560065385866057 -0.9303235989724059

1.876910431157388 0.080015904837844
4.095002789435405 -0.2316962029955145
4.322950121372438 -1.071683781120228

1.9247954114681214 -0.004832998124841911
1.9999210413158315 -0.1822023127506366
1.9351519884220254 0.9548295846010728

-9.290105095205934 -4.221200562747463
7.836909017660835 -13.711155651976204
-0.4182070801007055 0.13013134698327117

-0.27134216440804837 0.08872061304651188
-0.14124293434223995 0.08197829141255747
-0.4643685066434663 0.14803352666623643

-0.3085894074031764 -0.011337941666634769
-0.3356835338095002 -0.012481641566630607
0.3059362863080119 -0.0025644067710158722

-0.22352845055516785 -0.10468777327596297
-0.09672223928229556 -0.0912010878992606
-0.3787960588979561 -0.18615746403248395

0.5731537259891892 4.21629962068303
0.6791821625301084 -3.8199705096319736
-0.676601261054633 -0.8065314445396056

1.8057811436545468 -3.2168853985525705
1.722771152994079 -3.480746291387523
2.5746075033535036 -1.9086574140919867

3.530637013684409 -1.5724310653809155
-0.8593939008291235 0.20175608109769175
1.7963798509951698 -1.9124125985726372

4.045777602279864 -1.9562200433780514
3.275218267317405 -1.4817281436867946
-0.3161737139131717 0.23852158840701462

1.1027989916669918 0.6883481664745273
1.4926584026134841 2.005648417808158
0.18719548722350873 0.10169053770324983

-0.6847376807400827 -1.9853524976974846
-0.2346738140118158 -1.9424160966518278
-1.809245595322614 -3.473486791704026

1.6271057656274857 -0.28843644929807327
6.01968326024674 0.5644188188234898
1.1616069884974152 0.30597106742756813

0.7179657032153481 4.820780262982414
0.010100483006455456 -4.169290760456111
2.488496838168283 -0.09430592369690995

0.2217964194559841 2.833105410941655
0.5430495741779358 2.657116166404653
-0.8947790250662949 3.5507495003747973

0.3689927862791451 -10.308857583541396
-12.658044829894067 6.969979837666947
-11.81632945494216 -10.788549083594484

2.329174428422535 5.253066918851109
1.5939725021434528 1.2379582215678426
4.1015719310176175 5.616746898733959

2.2263519260313704 2.097648044241483
1.35590074995347 0.6522246057471486
0.06922018182019968 0.04016224576389752

9.039711426879485 -1.5440805056551143
-0.2736294202282606 -0.013634926494056057
4.535690675491784 -2.173515515505877

1.8422476455354981 2.2328560826073622
1.4533815441698563 -2.0149917560638237
1.8342156344851162 -0.3173496779496116

6.112032125252066 -3.004350182952725
-0.9607567560750636 2.397276200638136
-0.027806085696401004 -3.5003720919592207

2.761092871498909 2.3310740357658233
0.9781605417617313 1.2578099860113308
0.11109987394087359 0.73124425869114

-1.1527906121757185 -1.8764418171668595
-1.0603096838467942 -0.9268717383451174
-2.4788231292955567 -2.8928569948543776

6.780948767346703 -7.9500350989524415
2.647021448615232 1.455652449741949
-2.1652917517004484 -1.8054666868021052

7.699512123091572 -0.5460794014605083
2.2873804811523706 -0.13163877572105087
9.619628416482941 -0.6508437899597602

1.369063856123834 -0.05876401605588842
3.5836511433904494 1.102551591683937
0.42918421671175644 0.05136032660104027

3.384956337159578 -3.9330100216790393
0.9331915134514099 0.4603500352096078
-1.210249275496269 -0.8208214902815915

2.7478926522121343 -1.1790796662856913
5.183679475622414 -0.40798091617419513
8.301211571960508 -1.8517462297139677

2.807732144540946 -2.2202387884412382
4.802752544851602 1.0511956015177486
-0.11123732259549818 0.7573763695042129

3.0989635138778513 0.7196635059868329
6.7137421211448896 2.4554571576469235
10.698817519095149 2.7495897711274897

6.763164049379127 -5.796990430160507
5.9917951064539805 4.832517199049385
6.688230403908314 0.5491623439956496

3.2388963908683723 -2.583972046914321
2.4459805387630222 0.3506446749883344
-0.1803475573358797 0.4534779464622892

4.523912546574739 -5.802738031928795
8.837119453924084 -0.6322394973008453
14.795839915810976 -5.93286628897905

-5.841644306707248 -1.956401244113545
4.090274598291001 6.526944288496191
-1.7639834587360232 9.4220179489999

-2.849363119626971 -2.0265979389939344
3.7759812081304407 6.57770920505584
-0.2513446676260435 6.260617196750625

6.207284315279407 -0.8006229231134191
1.144353731813203 1.0783009751258454
0.8264198064923002 -0.9399799147648784

1.8487228619146943 0.06001590558421598
-2.357018913706762 3.744215331206167
-0.8336306906967659 1.9905072323531656

1.4188341178254695 -4.131471596417475
0.40290381383678137 3.388287866559614
-0.3813705469195814 -0.34178301909637304

2.8132480167238074 0.6328577894216768
1.1966537508469401 0.44332785364879973
0.23368332347753298 -0.012877989203669773

1.9555320226807924 -2.318312171176992
1.3358087968437855 2.0018232875205046
1.7627623159419936 0.13716370872176603

1.6676560330113648 5.317774772016322
0.14185028036730363 -0.056580967697334957
0.6705270121514778 2.3277736991855185

0.9842930495805401 0.3522068222087572
3.5012564297926954 0.5615870674305057
0.5259134400556019 -0.012895359452447403

-2.001279917343945 -0.05274954601141921
0.27771962192895366 0.006262456801162848
-0.615815459203235 -0.017470198556806527

1.8448483407066167 1.3289961769363632
5.528470044954115 -0.5810640363111371
0.6636770834331992 -0.8446286182737673

0.49118803315019216 -3.574006847172735
-0.13964003166604005 -0.08951342857352482
0.021912039688188202 -2.6532909181806335

1.746036327272418 -1.0074571198781859
2.718494429878864 -3.44197839030289
0.3350543785530357 -0.839020993533743

7.127242002869836 0.16250748010308858
0.5431729259846989 -0.6876014634504586
6.222503808808126 -1.5595699361819133

5.177837514263431 0.05420449518176596
2.9709858290265303 -0.0022086412919156266
2.007054708609545 0.008447745002381133

4.485839905465586 -0.9745474077650798
3.7421643309545165 -1.0600862266478588
2.775628440337385 1.3479879912146626

3.951754269340645 -2.3372876781035568
2.641837635448695 -1.4269989172795132
-0.11956316658568997 -0.23429323033850397

5.710188584325051 -2.247726455857993
6.713692634919628 1.2042982125546338
0.0019454081468403461 0.10901107576896765

10.085763100139049 0.23248409526656996
0.01670474076104243 0.015292236167550717
4.645990142544701 0.12824036764502947

1.5040809083206368 -0.7402770419707263
3.2753974655143843 1.8807795551279771
-0.5903241443748394 -0.11212415995306325

2.0635827225546115 0.9832472914733627
8.544130352994312 3.4030293348061416
0.8534512594070683 0.9255119258321295

3.344741792610269 -1.5949007360669691
1.0369032073358584 -1.4341688336438638
0.20260230133398002 -1.2008104478010206

2.373209418961027 -0.027807717653854425
5.257410254006403 0.1825184330464236
2.047791795515757 0.00908424304872619

3.6210730453652364 0.14284002112518598
1.580523785688187 -0.01745383812339157
0.8293105429859954 -0.00011355617103257315

0.7769044438617241 3.0372039757047675
1.2593832615744394 3.835011747935624
2.3598912262430662 4.4928536166039414

4.72997208872556 1.3983500829746431
2.3053091027573744 -3.343289044224945
-0.798646894377738 0.7924869754541268

3.191529581614965 -0.20944457073489778
0.10876809685393785 0.0554156897531707
1.3276112133873532 -0.29646458890308

6.268892159420632 0.5004590125151682
1.5951221636049269 -0.5988889769028262
0.7655239859780522 0.4412076609841233

3.7249906902453387 -0.11583748327704442
2.221049750389394 0.4446683561505582
3.798357235128463 -0.8440771678988832

13.073509742819478 -3.9129949295241087
-1.7782534112846402 -3.358237732309068
8.570731863487183 -9.405486910971176

10.983262099674313 10.415991087470251
-6.716138613592413 6.897986783792629
-1.4642423850135886 -1.266022034944211

0.9366764674496081 -0.4759603530793976
3.218510120619627 -6.946286892604338
1.8716517455142583 -2.383366416946459

3.0335515611349053 5.633569460660031
0.4759642032247725 1.9986291333375676
3.1921210914522327 7.404551426951663

9.361376420070185 3.065780989449485
1.4801929603632886 0.3248054128122731
1.1054606072100805 1.0199475843840908

0.9664608937564493 0.604265010287066
1.5250956651000929 5.233814328239235
0.8315579906176295 1.952965898359237

6.988922313359706 -0.20254243044397333
1.7843468037518992 -0.2342218243878672
8.29677467266254 -0.5563323749333928

0.9736703380232882 -2.8164892083674387
-0.27537268242787827 -3.511166585444501
1.2433953329412786 -4.207215694015141

6.813183578278317 8.587042216108811
2.7324897209435988 -1.5147064162066664
-2.44880087398927 1.9412591362526437

3.2138542706857183 -2.6082748732008403
2.2999071799591326 -0.28440660720477867
-0.10327683585789874 -0.4262932195732478

-1.6712248260415477 1.1784066486443816
6.55548697795473 5.188058714513523
4.600536783227963 7.443741354314403

3.4918305252900987 -2.7395999821272863
2.452623925471308 -0.6648630228506694
-0.18390949276002055 -0.10166202716838799

4.119335760784755 -0.5687116712172219
3.4670215823281216 -1.5482884574045206
3.0743741944948413 1.2192003048142965

3.760506128236612 -1.1561240436962248
4.062310270178849 -0.173966559159379
2.8390707121340095 0.8744068234219127

0.041156646490581636 4.991388473869748
2.004511637859639 -2.7712117605541087
4.720205852962194 3.7401869794455593

3.4623610148385375 7.961057627734272
-5.91457470444451 -4.093385813143363
-4.968544174651939 7.728221719871402

-1.9862621477001008 0.1772960336678409
4.402313799381164 -8.335073176577888
2.1019884624088734 -1.0223187783569827

1.1294202384082053 -2.8280273046104636
1.6414446054650311 2.8238568745735826
-1.610255904535387 -0.7235714994762641

-3.966848893501678 -1.8816609418652976
1.9479232388257832 -4.488242204581953
1.2775682458216637 -9.961082400334554

9.114965761878167 -1.7969853781311087
1.9255087185794113 -1.4679328823576323
0.7872880263851665 -0.047310571596571364

1.916830584662525 -1.2949683083297998
7.320018922740657 10.53203189238543
-2.6825901255831472 3.9226336027181317

2.337567547334047 -1.1630013316425194
8.305085042175937 -2.7070701575995573
0.7580064920508733 -0.6036240004592025

0.17609379213380819 -2.753431874536742
0.3037851148375816 -3.866811292920301
1.3371330687037672 -4.602828315199806

3.40106967967485 -2.359589428833915
3.5080940930218536 -0.39415012882121264
-0.14925796384628387 0.16859664094887197

3.1493925822438396 1.974303179250292
2.173046338110807 -0.11685837551077469
0.12353690165163818 -0.4985076468496026

0.19170109855247264 0.22349701611784126
7.651465921356616 -0.3835686876884909
3.362637334102161 -0.7279807299442704

3.658851202171713 2.0461508299241826
2.9516562384408367 6.812705947958262
5.885252000658185 8.863746362373305

1.2795916784702663 -2.07241371484533
2.042522045330332 -2.0872182766043865
0.46895765509373755 -1.7283714146536566

2.6222018055161316 2.7091456299061947
1.2229461253242309 -0.8085918948881496
-1.4617565298185695 -0.19688903810701

3.5146155552887564 0.68822605692033
1.2154788538694792 -0.0629726509652893
0.2570128164939154 0.09615192308840198

2.824545174234716 0.8290907988970001
5.232054153943089 -0.1547789861784331
0.3780208780256088 -0.3189296991575785

3.765860725763572 4.108773545686483
0.7970266143593 0.9485295161128043
1.0931282828177313 0.5818451460484371

0.6442554516180867 -0.03170758763802209
-1.417590487404343 -0.0644052959309151
-0.2807035597664917 -0.08229072838786453

0.63184906399951 0.09994875007433833
-4.2043373712256615 4.920492715234105
-2.8592406665408143 2.7601939315111403

4.478634983160895 0.3207555053347894
3.224364157886731 0.23401788225022227
2.7580330106564785 -0.3996801722303187

2.528979718522385 0.26137645203973164
4.063703014688793 -4.881161021533648
8.308142208847457 -4.562404054252147

3.3122561244460487 1.0816345857257443
9.26589035880129 -8.159555920565538
14.668532352908015 -4.443129508743646

3.3622394324489377 -0.33390653376525403
3.405823286932456 -0.4811839719119606
3.6120607312484596 0.7566594051742656

5.896484206757629 4.38154166297263
0.5420394817463703 6.074317176349901
5.648820922890524 10.946019688062425

2.971362434046992 0.2521474417948025
0.8564072642099182 -6.56938959785167
7.136117150737384 -7.62645023802377

-1.3545170091284584 -3.2133462911131367
10.8921221972984 -4.28811845600696
2.0515305370509287 0.9894757863293958

2.0913166525772455 0.39063616737446283
2.5285073084504317 -3.019327699399088
-0.3287268991703935 0.5809134227085124

-9.076249975360964 2.9343794535906533
3.1434350575303975 -9.04510773956465
-5.022105985407943 -12.236358262438372

0.5875486980292562 5.27477149160212
2.088775788775211 -4.446469765371342
5.833883766212159 2.1344762990764994

2.2833551617848844 -0.09892095294878882
4.687659885917484 -1.141791396288193
6.386676455739603 -1.3199739714410352

0.8376415653682024 -3.827409386524637
-0.19110888715604635 4.827139409601886
2.9660222211418454 2.9253333492749363

3.448420755635946 -4.818253646223855
0.8692558474388737 -0.8512334448603475
1.16618447045011 -0.9630056011126374

4.394437704567542 -1.1791277709079462
2.9357906036567405 -2.393368725539616
-0.08852839666312048 0.22915087515505425

-1.494487820326499 -0.36969243616804287
2.655030846272734 8.130155442725462
1.5403819414802524 1.49254610366339

3.0476497343996303 0.33295376230124824
4.299796269275596 0.5122189509100714
2.9112429950268703 -0.6462932956393573

3.859646945433094 -8.441103290224378
2.4057597597065445 0.8439993565292122
8.810351832604614 -6.423915662164084

4.51990196413612 2.9118344645057923
-0.04822607461097 0.3754910811603728
-0.9162975317335491 1.5310551974796254

9.891209613664156 -5.4249830190392165
0.8915907262728447 1.5485398103534345
10.76077460883824 -0.3146242437100244

1.9947809731279245 1.0622460461449676
1.278900843872283 5.343113313798953
5.061112663937694 7.039514929927465

-1.773320325122474 6.555066525933072
-1.232629292420547 -2.626649304204771
-4.276749216598366 1.8934132696567134

0.47446567086092173 0.33883461036865303
-1.1360907176074453 -7.763590905302716
-0.7159967749918156 -4.406770336374118

1.3729347433957226 1.754137524612221
2.0214498507680356 5.334812685756045
4.7665895629354695 7.392726667561333

1.9405913476604135 3.2008756782155565
0.3666200368864068 3.2964095418577686
2.271505866699049 3.9803166347108743

1.563831184135751 4.403315320362703
0.7889499190116676 1.9941566285707837
2.0442672998175095 3.998212664475454

1.2304906044410884 0.5772700122841538
4.247872668842482 -2.1553319389342325
6.566254968001346 -1.2024014481509249

3.486981382911573 1.7269677538127137
-1.2903725400074813 -6.165406242127576
5.861666272701589 -7.456994624291829

-1.7808351948196044 -1.2538874648149638
9.040851202877604 -4.413249932556114
6.043815166102965 -7.217637801927035

2.9469723980023317 -0.41987594458585736
3.15195627338897 -0.4860593071917879
5.602324219477643 -1.4438580692464813

1.384730198298456 -0.13183355544849554
2.499842632760673 -3.8175870565115737
-0.800344699009232 -0.6016264554955014

4.037159918586754 -5.209424544740612
-0.3173400936949196 5.759931183091693
7.37224510220402 4.213862701691106

0.17912112084850634 0.0011690205204236365
3.95713419165761 0.2270633346074385
1.9838539937746178 -0.08181471862559818

1.6553781938805179 -2.0597915355640826
3.9400332088407537 1.1827743226578458
3.8410808728671855 0.2687371278670767

0.7421955552824377 -5.4158018507766945
-0.7376136330746175 4.336546051294823
2.2019068289693746 0.4943003291225135

4.220419057533508 -0.5465001227867058
0.4657568137803741 0.29818452025510056
4.250053088901164 0.19304015301369176

-1.2239239223941312 -5.443524324425175
2.0321296743371713 0.8794971936249947
4.192904870813285 -6.8978937311645465

5.427282952431528 -0.07299402528662306
3.132600126431881 0.469708440375115
0.13310236777812676 -0.10853577025206952

3.600332079079835 1.2868800478939613
-2.061684019448852 2.6094798257490375
3.0037126138030987 7.354567139777487

0.7499436804826076 -0.3397051161211206
0.14828888674642252 0.8962960680497333
-0.9199701475273548 -0.6667098400448291

-0.3836461879343951 2.510633910713767
8.374957371644246 2.255498271006443
8.366967050817223 5.904199045984269

-4.334031357972915 -5.50830784442149
12.452291551057572 -7.270335668374337
8.943959680962145 -14.861297284803417

3.852654831332233 -0.2934561802451009
0.9525092393961937 0.04412158855177661
4.0377651163610855 -0.12841455569777457

1.0194152667738567 -0.18704588591146593
2.59824525636644 -3.989581058214507
-0.8742970243630978 -0.956648692761405

1.767351727959269 0.45276620815920654
7.547195548571349 0.9418274309923225
8.213930244255103 2.1254050183085584

2.157753968560632 5.2624202083352145
0.5194825838936977 -4.044339150421252
5.886607843975802 -1.834749341114223

-0.027956377747723055 0.019702734124956305
10.345217731941059 0.4480291433810834
5.50069657972286 0.13728082716342946

1.363763601499957 -4.1181105318657965
0.6010373683493011 3.3439179633293983
-0.47622506977276136 0.028788223724742063

0.4983310242578533 -0.14678465808614938
-2.2402784750459253 6.5118604726371645
-1.402361849888059 3.3896976261300265

0.9914254490393964 4.220640362878744
0.2690913252694009 -4.183353316146947
-1.2019451298699104 0.5393613640664956

0.7247048301201447 -2.3303591904175414
-0.057744214041064064 4.547530103193005
2.727134188709161 4.689806574213933

0.8689684089888097 -4.088937365707157
-0.21256400310718082 -1.9266276533239615
1.1523386682639944 -4.203209921425306

0.4345777825023538 -0.08823073308439443
-1.7607305976789103 -0.1216065017851475
-0.7742517612418339 0.0516680056556277

2.261329316589846 -1.0061390323101158
6.854507508750225 7.744599475021897
11.90641204247512 4.692841267882323

1.6212636449641586 0.0077948041478504955
3.6017520366547986 -0.1335076226657938
4.84154977630974 -0.12493090047527475

3.102265190289587 -0.053525054205256016
3.096496394653932 -0.06358118484621632
4.464775964480993 -0.4601419303125334

0.4786761843111368 0.08058239436871482
-1.7657201761326615 0.3277696683646662
-0.7580339518547214 0.08793280257758174

3.367866680261917 -1.2185856770316406
-1.6859588479271823 4.115508980498467
3.9803108779546275 6.522545234070928

10.985232062905187 -10.605580937960394
-6.730192381549153 -7.179116622451704
-1.6078596850096283 1.0711878343480095

4.722234876575314 -7.215342824864593
-1.5619200218173455 -0.9967315106647358
1.1806464282952525 -0.15196826699628782

0.5996264750005909 -2.924133533621683
5.348628748623705 -1.079198400810484
1.6579693397294033 -2.468398898462251

3.301966450510927 1.5106637989350409
4.111537147746901 0.773996785691873
-0.023254359699295082 -0.17579046850925378

2.710457031811727 2.957809796084027
5.491135580369116 -1.089097974483152
3.2085621683998586 1.0026340831022602

0.02845867621113878 -4.222034633419785
1.7426045388036702 0.19924449789313295
0.9137815701853732 -1.694602774966032

-9.414900006200567 3.9061974336797936
7.578712510254951 13.398632008077264
-0.5045251924801162 -0.4595955904915814

1.0489299433900727 -1.0380622105266886
-2.9183239016204365 0.2675781514041157
-1.846298175186969 -0.8660745203879509

5.859304437095656 1.8054368367139977
6.231446902382785 -0.964526345770916
0.005802741436974666 -0.043932325126236356

0.01539893432124608 3.9037567648552445
1.9944490181281307 -1.0245760028701503
3.930846967852161 4.982835377943434

1.5712428916956394 -0.360163913036771
-2.6550025082544604 -4.246130271402251
-1.1694854146948392 -2.972104646035445

-0.5082535593141345 0.7534485912084405
1.2254810209291862 -0.19051246560584836
-1.569806804940035 -0.5682394116367916

8.027642411998164 -0.7725296993481544
0.7428142396243622 0.9758801513237884
7.468501575009961 1.5521865993762451

5.632525656684706 0.13120149108881668
4.702918160384107 0.005923368673456356
-0.0010393956055150708 0.0008785741620779808

-0.0667401932324924 5.075627223178988
1.5186544106260835 -0.4730519508323312
0.5667763875794306 1.9811142735702711

1.7268542888701233 -6.255078466078002
1.2947168428695959 6.181880532069333
6.959137065955649 -0.8129435850629455

3.6864755959423827 -0.542401636954872
0.9158192994922416 -0.2023829028382522
4.4315921689582725 -0.7340555881654065

8.190459756630565 6.028189215971151
1.0536919957974256 -1.5719952684509828
10.09451021058794 1.4060583806456213

0.053290877237040235 0.2096295759522264
-0.004875941735582309 0.07498763700908129
0.12093895601207394 0.2687767560531812

-0.12021131307667746 0.1508173063001012
-0.15793035486587145 0.10075904906028839
0.25288526985249604 0.005182350358746906

-2.48592070205126 -2.700410060612078
-0.5754697699644282 -1.8918238846756126
-2.8783488841333718 -4.863310739966428

-1.654809610304298 3.6518428980215663
11.544313682749525 4.699760657250209
2.1217608257660676 -1.0724279247560624

0.4731575095759527 1.6786461869723621
2.8658392900758867 2.27415495174805
-0.02482070641729242 1.0221283434022483

0.9533764075405275 -0.7170522846711174
6.2641349757227 -0.44935171539768753
6.6161720102151556 -1.8004612818367653

-1.358793886906906 -6.117763751226367
2.0010512707825905 3.0606252292549176
4.600917472910386 -5.29749242075327

4.858049189018932 -0.41678305744767563
1.6099949354622094 0.04069069782043359
5.142443032405208 -0.23104363927225613

-0.13602002257406998 -0.13457418340870375
-0.17334408808691665 -0.08704662211908891
0.2547511001074805 -0.008129812753046426

6.382473973885361 5.380414876046058
5.719797007258811 -4.207635554857545
6.0969416742702345 -0.3880784814535915

4.328153152474582 0.4709084218802942
-0.4224037949904486 -1.5620872645723065
2.6069947818969452 0.017957632796856648

-17.634554956783525 -37.27949813272461
-33.17375974950675 22.4824781630261
5.025476284377109 3.431007851382269

1.1206372267979985 -0.03555269998900808
0.3273060217813326 -0.008383074937056966
1.4653655168778434 -0.03701758227669332

-1.7519210656630149 0.43517219850836586
0.17617715728615213 0.018626175848689003
-0.49063728415856356 0.3004806600151118

0.013721419265621159 -0.0007295474338253835
0.06585515085404264 0.0028513308167973043
0.10471743528481273 -0.002049831382227097

0.6494009058022977 -4.530491553199436e-5
-4.070570064955131 -0.0029098180234606243
-1.9424135786829333 -0.0016259862432445981

0.07484216365312993 -0.0007778048335947095
0.007537886430699183 -2.9583005362978353e-5
0.21277022555482905 -0.0008185496410280593

-0.20357657921473837 0.022084170419225266
-0.21307293273143102 0.0260983953230937
0.3178670235080027 0.0002648275055562126

-26.262641486120447 27.116968254382737
-11.938234794880593 -41.327996323908
36.68230259472741 4.598624468588465

0.03545596784470132 0.010338108397755435
0.0024077065495834767 -0.001228112381798524
0.15744033004586272 -0.011694634125549849

0.007477247723441288 0.00035094250811050937
0.03767817030608082 -0.001293902302154322
0.2601350205338804 -0.002918175330290325

12.24307080170304 3.128484382449897
-0.5749859860412907 4.686100333983795
0.681034812870836 -1.405697216408489

0.5840135455105818 4.713084543534039
0.05131044663561283 -4.412031086315664
2.5533240429872586 -0.49900404033400536

0.010706684098597156 0.0005651048678051447
0.4009428325742948 0.006904494925755669
0.007844233508719142 -0.0006072177447346046

0.007814982195765863 -0.0002544409349432105
0.22331547689405817 -0.0023053660535221716
0.5944608258781627 -0.0036565843056697083

0.12105706838001148 0.0009944931935923294
0.27024924979891873 0.002769226285009532
0.337007935687727 -0.0035556354918671717

12.220255837957119 -2.5802897367672024
-0.19530248141305517 -4.669492743223483
0.62841555253504 1.3763538906097539

-3.056405806162229 0.0197288868762974
0.24391013446583976 0.001321295175032712
-1.0522009246025141 0.010063929946957732

1.4138759852347622 -0.004203358397723133
3.896055040145806 0.17670518795872134
1.1442289530598264 0.011675785482692639

1.2408886706140554 -36.81687586072887
-18.83332340633004 22.83673433940792
39.45440486363255 10.458578844036047

-9.698395061297205 -15.583571270573676
2.214125621342242 26.609227165559325
29.31048637334495 -6.0586798320358985

1.8280069538914767 1.3048762147312327
8.133897725581663 -9.698327845722192
-2.0162964305644815 -4.0177519873920735

-1.677327258166742 -0.6404768317054156
0.18064617634231447 -0.018329791415793842
-0.44970499870610625 -0.3992115857984363

0.03498677572466595 -0.010214364638787736
0.0024397958367957813 0.0012505246418513863
0.157740794377189 0.011913666556474444

0.06129478317780642 -0.19419354214925014
-0.001705532900425463 -0.0686233470408731
0.13360639149556705 -0.24695147438785553

0.129553547788668 -0.0008735362961893766
0.025559876337277153 -0.00021788837600109084
0.23989352524349855 -0.0012396311603735236

0.4423078779125585 0.017658566155316215
0.06869838458684462 0.004121262779669987
0.02135870787141386 -0.001761756764709861

0.640821979003201 -0.02628297853334647
0.05530405027446503 -0.004060737792579156
0.8584133757570028 -0.028042108595641546

0.09260853987289451 36.77624421112913
-17.69685666628249 -21.823439349281347
38.84058152025767 -8.370339956783956

5.001590215195027 6.456714653093498
-1.529340380212649 1.3146762683218962
0.936820277889792 -0.04403152915125125

12.966513953098147 0.8815093509359957
0.04111875898508884 2.8429071072741188
10.630338145940534 5.885322220648226

0.7457261085767891 -4.601580315683359
0.08925683582006586 0.07582061968127006
0.35292255939763967 -2.4578251916833076

0.38882058905508515 5.981018884964787
0.07267473790327124 -0.1828475226355471
-0.2444735108899433 3.4581647837625704

-25.780843154577067 -27.425539958826956
-12.631312772116864 41.41865532530448
36.868820817094196 -3.8617790561441683

9.679174511756367 24.333859031754635
-14.143914609772931 -0.7850291404801042
-12.297890525844409 23.308256262269005
