152

5.289784099461933 2.5866800697154978e-15
3.169141521152961 -1.5213370437338622e-15
0.05740167804827511 3.526120764047593e-16

0.80016769113096 1.157063956659731e-16
1.7262737265198618 4.901371077724925e-16
0.5414168062383116 5.646348312141285e-17

1.297564605172244 -3.66493612759744e-15
0.6634327194601264 -8.419841863876404e-16
0.2877336808542763 -4.625373422478666e-16

4.806290077007496 -2.0208137142562106e-17
4.45408125061901 -2.1480097894357407e-17
1.6648236241990038 3.1350935816612254e-17

0.9818171079859044 3.568173447876632e-16
1.5741704309414768 1.3155126665818062e-15
2.425483484706297 1.3342389912788583e-15

5.508826097517394 -0.7196075242600345
-1.6533281504335524 2.7935644570995963
-0.31610557642214776 -3.1379097816778616

0.6712684107188868 1.230210146501775e-16
0.25632233751476924 1.0998076237457013e-16
1.0754880136228495 1.3292016618009328e-16

3.948271176005189 5.941254539858374e-15
0.9856056866414796 -1.7811689060935934e-15
1.7306736388894661 -5.784368089192717e-15

0.38447910178539474 3.8809744495411906e-17
4.388057590096537 -1.4110090727460755e-16
4.0973684512558295 -3.7006045673898575e-16

4.945573506046066 -3.502915132707215e-16
0.17259817692704207 9.435453035481116e-17
3.627236028270907 -6.008070916778318e-16

1.071919890851458 1.0478742659439753e-16
3.537586203116939 6.82063312727048e-17
2.2214506693462974 6.922723143866583e-17

2.1153433330799785 -2.0659455661104747e-16
2.792845158529235 3.2425816568273407e-16
5.415174289498275 1.8617296990368046e-16

4.479408262949437 1.994921992627879e-16
4.054046837182039 -7.469986517640023e-17
2.8303606823955767 -5.000197813599379e-16

2.760430188748185 1.5158929963195445e-16
1.9945636400911049 -3.6315602109124223e-16
4.39334326273572 -3.0211134136647704e-16

1.038092316041496 0.6582847065921953
0.912081931467732 1.323530081893715
-0.03145954811383067 -2.6048298283417366

3.795948506411405 4.816415022407044e-16
3.370630462456045 1.4497014836477678e-16
0.15883084732278813 -1.0390493341767752e-16

2.1316487160575184 -0.06119337512013388
2.0486163161507176 0.05238093815266084
2.583004233597625 -0.5483046887995712

-4.6056730773491426 -3.9224868691083436e-15
-4.692115241622037 -4.776555570322925e-15
-3.9015678101491935 -4.8132980798542594e-15

-24.010565497184405 0.44215629945924306
-18.67585223715913 -2.670078906655171
-2.8497440697410745 0.010440674016347773

-4.641446653818642 11.679199357811775
12.898125907389671 -6.7738859994200045
-6.657613604030103 -10.199405015210873

2.1316487160575197 0.06119337512013412
2.048616316150717 -0.052380938152660726
2.583004233597625 0.5483046887995706

-0.2572325611196693 0.08600300483684699
-0.12390656131442002 0.07757598660754952
-0.4360781776812001 0.14846786546470303

-0.33923756254554877 1.3905079599961265e-15
-0.36719669652935794 1.1090240874300952e-15
0.2992694744749792 -1.3716596064944459e-16

-0.25723256111967097 -0.0860030048368464
-0.12390656131442034 -0.07757598660754891
-0.4360781776812018 -0.14846786546470137

0.4872452927998845 4.223567443375456
0.6627273584760219 -3.736384812948925
-0.6152693485093935 -1.0784951027127532

1.4041923203960618 2.40864014385394
-8.262224866971309 12.716240052674102
-6.379662171448019 -1.638847925941757

0.8577976702855536 -0.7784909807840463
7.820162304285034 -0.007602049231465364
1.916809139377718 0.9547151662781871

-15.555674247036285 0.9663747229131944
13.81688195079527 -14.120493082430816
4.513507221318482 10.137882951447832

-4.4077566817702385 -0.008203247592625456
-4.350814048705533 0.16441193680279179
-4.4710016863931115 -0.9539942200798088

-12.190573795940677 1.4881105977549295e-14
-9.217762940853866 3.33042322811753e-14
-19.34266851781277 3.9951767779471656e-14

14.117629339382658 -2.2424895404504493e-14
0.46526240142290914 -3.702592180269224e-15
9.814959219548474 -2.467397535702024e-14

1.8116750281792005 2.111810575077253
1.6084094186680473 -1.9685431067781358
1.7991173183329843 -0.2967090682901764

13.759003972875966 2.186612808788495
-0.27723627000409967 3.170726600693816
2.169244204698003 -1.8889850929380019

14.861615588068144 2.9486912958074756
2.0057225846411946 -1.1435459585624224
14.458553956634335 -0.7790302462336576

0.3670618965535885 -0.2807182694883029
5.526671049137777 -0.7977788067587448
1.5738354309552873 0.4305775833769657

2.8958102483326322 4.739155339185851e-15
5.481698664198052 1.648821551020668e-15
8.734267992303408 8.363676792987905e-15

10.79568117700926 -6.311346242456382
-3.3048742315422213 9.959599489547657
-6.358029559690733 -7.022070366621462

9.19843472079026 7.155562607462489
11.110331414139718 -2.119858961132307
21.34657474246976 3.707262373236803

3.7155329065375042 -4.791479458564246
3.6016704121903675 4.461674760847562
3.909581904987399 0.6057852848120618

-0.1925341944993923 -1.1697002129379426
3.4966988469403875 -0.2448133859891734
0.8443410959540697 2.431724511037168

1.8116750281792011 -2.1118105750772536
1.608409418668047 1.9685431067781365
1.7991173183329854 0.29670906829017657

-2.9118861312156707 0.3106287369719178
7.273598383563019 0.9513836818030447
2.944097329870223 -2.1902934278684834

-1.150005995793602 -2.2883927496603133e-15
0.2917577563350343 1.85929447196519e-16
-0.32315155684503616 -6.518659937093516e-16

-1.7597306577792906 2.2829497117603608
5.076715153452339 -0.20278355191242398
0.4974360295022887 -3.2948785279158597

-13.684787698510249 -1.0195453466232872e-13
-1.2790048464947128 -4.191510413151867e-15
-11.313334147504877 -8.791464197243941e-14

8.305976738535575 1.770907486114245e-14
0.4747528635983703 4.5456618679935436e-15
6.555432577082942 2.6368480212681597e-14

5.762950976438934 -2.2176798665877066e-15
3.205606013883365 1.4077783809391887e-15
2.2634714762625032 1.3365846645661873e-15

5.7854855048780784 0.6717727871831641
6.277776820346812 -0.07804762757231289
0.0754384218185103 0.02673546854229847

8.249590021447116 1.7565726896026779
-1.4706116910324953 3.8075896179408453
4.340402731534535 -7.710074101962498

-1.1559224437747118 2.5144712655181447
13.883414007361417 4.0931632450040905
4.096712166918123 -1.270312535538284

2.872482877662656 -1.196219753715104e-16
6.287577799154391 -5.782993034804962e-16
2.648770167244183 -5.975921094658951e-16

4.453424488997531 1.8377989938653042e-15
1.4158208063856295 -9.70867667943788e-16
0.8977381136195758 1.1075312550256441e-15

-4.407756681770231 0.008203247592616902
-4.350814048705524 -0.16441193680280103
-4.471001686393103 0.9539942200797996

5.742917558980915 0.6259886766664153
0.5582883396382513 0.6098131944897824
0.9645526680557139 -0.6158851596822938

7.725359249855213 0.4290842249597601
1.1971667175323697 -1.1258068984905925
0.9631704151539616 1.0044487228868604

8.442782915120771 2.4725697836997025e-14
-3.5247515409510393 -1.7660633986802174e-14
3.246716031962015 -6.358438049332001e-15

17.469863266030394 16.40549483378368
2.123144717916214 -3.2962204613736485
-3.340354175053136 9.82402051665

-10.340595684196089 4.313370038239023
-23.457747017989746 1.3464272263141381
-3.2355420802504615 1.141388158283301

8.080312910340071 1.1103039953126985
0.9810370760645883 -0.9590163795354131
8.019567472994305 -1.1078897036642916

-4.586445546151852 12.871522984674458
3.291702415436798 2.283137848254209
-4.919179367981569 -1.7886171294909767

-9.975272893770343 6.620666697005581
19.572670448524594 18.271144898418832
8.489666868365028 27.90959028480012

-4.749848742017278 -0.7122413166828417
6.748390977086822 -3.7374088539500634
0.7583741598539682 3.472832260001235

-2.911886131215672 -0.3106287369719278
7.273598383563028 -0.9513836818030379
2.944097329870218 2.190293427868487

22.153953827940327 4.413010964288714
4.829334766287726 -9.46329628283116
0.34886676292380076 2.4428036906072625

1.1477802020458339 -2.3415183703084965
21.574745502833917 20.05496123661749
-1.7317247225176184 15.590419941768292

-1.155922443774705 -2.514471265518147
13.883414007361434 -4.093163245004047
4.096712166918126 1.2703125355383036

-1.7597306577792875 -2.2829497117603745
5.076715153452337 0.20278355191243355
0.4974360295022824 3.2948785279158628

-0.19253419449939138 1.1697002129379486
3.496698846940389 0.24481338598917204
0.844341095954066 -2.431724511037167

0.8577976702855544 0.7784909807840438
7.820162304285026 0.00760204923146234
1.9168091393777176 -0.9547151662781855

-4.749848742017282 0.7122413166828471
6.748390977086827 3.7374088539500576
0.758374159853963 -3.4728322600012347

5.742917558980917 -0.6259886766664141
0.5582883396382506 -0.6098131944897834
0.9645526680557148 0.6158851596822941

3.796428360235933 -0.216713085755516
5.116644086895414 -0.35074778812105856
0.08192744877859291 -0.024878109515301762

-29.14392805803852 3.3582842376542053e-14
-3.5896954813474404 -4.032156805502405e-15
-15.930793615877423 2.15007923893017e-14

0.6149492654384244 1.5224267127295711e-15
-1.257132521116441 -9.378819873168466e-16
-0.16131589897749873 1.2695171475377173e-15

5.167382844787568 -3.8274273187276154e-16
3.4092460126661304 -3.488336822445692e-16
2.7968929677206815 -6.860370199839424e-16

8.754968670002272 4.4775180212372
10.015308451326778 -44.60387453195689
41.363598439451216 -29.111300176318863

3.783618379233952 -0.09147732300311698
3.7197847134592688 -0.46625406539498243
4.565428465015662 1.5029451899703292

2.8730493478243484 -2.1000711349324936e-15
5.7254538896509635 2.3403962138193227e-15
7.322399141334583 9.641719178069467e-16

7.542495059460053 -2.227088850738064
-3.55714960097042 -2.350830331622332
-0.49725001603951396 3.140886508458651

3.3007863660306014 9.496547507312979e-17
5.130229146988284 -1.015600143438406e-16
3.312305150703505 1.4389589752273392e-16

8.42560069244298 -29.861846835235788
6.09582273119815 4.720594810321172
27.88859495183155 -18.004061995201685

13.759003972875943 -2.1866128087884835
-0.2772362700040944 -3.170726600693816
2.169244204697991 1.8889850929380005

14.86161558806824 -2.94869129580738
2.0057225846411746 1.1435459585624366
14.458553956634345 0.7790302462337656

-23.293737304496666 -4.706638951185545e-14
-9.924803124496888 -2.6149557300128747e-14
-1.5666921544619075 -4.365125180345317e-15

-7.059293007025278 -1.7107962510979098e-16
-3.3662241357069287 -4.854364036185059e-16
-5.098976761716286 -4.363259243237968e-16

0.9742551347935171 -9.123022485395207e-16
4.128567515346389 1.1138088334913687e-15
5.427143095620406 -6.129341126798898e-16

3.659599149806726 -2.4350777326454573
12.797028907614198 -4.723049666087712
16.632678177286927 -5.707260963028235

4.139563285700377 -1.866769843864477e-17
3.49845645550494 -6.912042654892227e-17
5.902979968556689 -2.5923172517435735e-16

15.089586973141534 -10.572225858623188
-13.565720089762912 -2.417320943790828
1.3171069021622483 10.423526212883413

0.3670618965535886 0.28071826948830375
5.526671049137778 0.7977788067587441
1.5738354309552876 -0.43057758337696633

-4.137320963213368 4.4207012354201876e-15
8.189554814727098 6.562624155565135e-16
4.282596797398079 4.0934451524939595e-16

-2.9945371901062603 -13.175988723357358
-7.6831406880343955 9.450336000340506
3.417098533267522 1.4447836682734765

4.500656837839168 -0.4490560493573605
0.7883103237446629 0.3266065232256242
4.91286473882198 0.1947181452463669

5.679074354550204 1.7932893055654915e-16
3.3534404605876698 2.2457454639104205e-15
0.0715088772819634 -7.134360150426462e-16

3.6595991498067533 2.435077732645468
12.797028907614257 4.723049666087632
16.632678177286984 5.707260963028182

-9.975272893770827 -6.620666697005836
19.572670448526164 -18.27114489841938
8.489666868365813 -27.909590284801254

4.124654880853573 -9.770316656350848e-16
1.0536667594084654 -1.8341004468316067e-17
4.40184148318307 -8.950478663622875e-16

1.4041923203960387 -2.4086401438539125
-8.262224866971264 -12.716240052674038
-6.3796621714479995 1.638847925941743

1.9366779418013005 -2.4129123336619298e-15
6.6113998515792405 -1.0499790489179476e-15
8.45703826244658 -5.078013208910345e-15

22.15395382794037 -4.4130109642887705
4.8293347662877775 9.463296282831198
0.3488667629237853 -2.4428036906072617

0.559934919015342 8.164595855531648e-15
15.652077039594134 2.7337718563220775e-14
11.38986583700815 4.356710439986432e-14

0.48724529279988416 -4.223567443375461
0.6627273584760209 3.7363848129489265
-0.6152693485094011 1.0784951027127525

-10.340595684195947 -4.313370038238966
-23.457747017989515 -1.3464272263141217
-3.2355420802504433 -1.1413881582833003

0.7678683404202692 4.179091276224676
0.29432082852259966 -3.818643184589282
-0.14970784556756267 0.1746974994673284

1.0380923160414948 -0.6582847065921902
0.9120819314677325 -1.3235300818937143
-0.031459548113827764 2.6048298283417384

0.4722353211932432 -0.04321198175243884
-1.4028916907571571 -0.1442370118670983
-0.5657659664342867 -0.027800034861397486

1.629696744939505 3.241845128310698e-16
3.5266290994183835 -1.9762074569235374e-17
4.752421645781028 -2.0750632342197918e-16

3.783618379233952 0.09147732300311892
3.719784713459269 0.46625406539498226
4.565428465015662 -1.5029451899703288

0.47223532119324246 0.04321198175243909
-1.4028916907571574 0.14423701186709628
-0.5657659664342864 0.02780003486139605

3.5056297660882736 -0.2508316746543201
-0.08105569406753468 -1.2289298192235512
0.4882120383748739 2.3161037597523593

7.486148815231163 -0.8169452368100929
-2.3576313241718467 -0.7981500589356416
1.5379320606976166 2.2952797260321005

3.7964283602359346 0.2167130857555146
5.116644086895416 0.3507477881210555
0.08192744877859233 0.024878109515301478

-15.555674247036148 -0.9663747229132006
13.816881950795182 14.12049308243072
4.513507221318463 -10.137882951447736

7.486148815231165 0.8169452368100915
-2.357631324171846 0.7981500589356413
1.537932060697618 -2.2952797260321027

5.785485504878087 -0.6717727871831652
6.277776820346819 0.07804762757231318
0.07543842181851054 -0.0267354685422983

-4.5864455461518885 -12.871522984674451
3.2917024154368257 -2.28313784825422
-4.919179367981566 1.7886171294910198

8.08031291034008 -1.110303995312707
0.9810370760645911 0.9590163795354169
8.019567472994312 1.1078897036642916

6.725139617006979 6.945350079826111e-16
4.842141985167424 1.992775236106416e-15
0.01420022759870718 -2.1386619773575538e-16

-24.010565497184352 -0.44215629945922613
-18.675852237159056 2.6700789066552733
-2.8497440697410643 -0.010440674016347549

-0.5148702752566223 -3.9221702709402263e-16
-3.237701806074615 6.440458363067194e-15
14.442460308670718 -8.451259437055452e-15

4.500656837839165 0.4490560493573594
0.7883103237446641 -0.32660652322562217
4.912864738821978 -0.1947181452463647

8.425600692442098 29.86184683523565
6.09582273119861 -4.720594810320727
27.888594951830893 18.004061995202814

0.055560390151717085 0.20216908235616893
-0.003862046193779976 0.07189770386694036
0.12478003332716525 0.25833774132678666

-0.10173346446534395 0.11460979816571568
-0.14262649194587065 0.0680425423016035
0.24957073979806435 0.009556999863567716

2.0509891488105176 10.255171812666516
24.852211058275937 -0.5478115574613714
3.1014727392869625 -3.18152295387745

-13.166678771601633 5.056317204769107e-14
-3.702313014356246 1.2037791877146906e-14
-11.576369355893698 4.1512401098723236e-14

0.9911090449795655 -1.5981454352927993e-15
7.229989440506781 -1.5998891534173046e-16
7.355907081469624 -3.829076927754556e-15

5.917817701715769 -5.108822471278389e-15
2.2579996898794126 4.4132523078419606e-16
6.341875774815945 -3.446871555162091e-15

-0.10173346446534078 -0.1146097981657155
-0.14262649194586838 -0.06804254230160368
0.24957073979806424 -0.009556999863567912

3.7155329065374985 4.791479458564244
3.6016704121903724 -4.461674760847563
3.9095819049873968 -0.6057852848120608

1.1552414310071977 -1.5013359683437242e-15
0.33578211065306635 -3.8107833706400296e-16
1.499530816273087 -1.535867323157261e-15

-1.1772620646919225 0.25220983348565323
0.15913197557759917 0.029025361853569204
-0.20882512921262655 0.21112930959579598

0.01291474080771876 -9.091835521603053e-17
0.0709392656450231 -4.752576580628733e-16
0.10168299125630473 1.609710023600527e-16

0.6484531290754333 1.4195337015228795e-15
-4.094565396430266 9.427073858862337e-15
-1.9563852568324716 6.597513553777089e-15

0.07455144374648724 -1.2747724589172976e-15
0.00760902788383335 -2.072022923244343e-16
0.21293831744435116 -7.047797852485052e-16

-0.14888389879467293 -1.0862693089254248e-16
-0.14678792649429365 -4.1383900158939736e-16
0.3157690570881296 3.085937779546835e-16

0.03541887531558912 0.009697377703094284
0.002502743647438384 -0.0012092188897647245
0.15774579828819485 -0.01126933513808984

0.008114967570411741 -1.10202340285316e-17
0.035706778095324306 -7.252132348847487e-16
0.25558201713674833 -1.473529660793894e-15

0.012033761742010814 6.216446068236448e-17
0.41592427017328987 -4.472056990117852e-16
0.006668565106189041 9.135857450103863e-17

0.00756752625866084 -9.082084438448224e-16
0.22094357753646804 -3.573716391629063e-15
0.5906890772636914 -5.894425743497734e-15

0.12813974892905894 2.2052304773171246e-16
0.28468041067223976 1.8862248757809192e-16
0.33881785502844286 5.99530257774852e-16

-3.202897819436433 1.7320718111747498e-15
0.2326976465866298 -4.1493731921177263e-16
-1.1260772294588717 5.91271899605569e-16

1.3560934294961449 -1.7100127802994801e-16
4.328989931362323 -5.036761782424082e-16
1.2384830202472812 1.2489932187312692e-16

1.1477802020458174 2.341518370308506
21.574745502834027 -20.054961236617224
-1.7317247225174346 -15.590419941768234

-1.177262064691918 -0.2522098334856567
0.15913197557759914 -0.02902536185357018
-0.20882512921262353 -0.21112930959579826

0.03541887531558815 -0.009697377703094433
0.0025027436474384527 0.001209218889764893
0.15774579828819568 0.01126933513809033

0.05556039015171653 -0.2021690823561687
-0.003862046193780048 -0.07189770386694057
0.12478003332716366 -0.2583377413267872

0.1309400924706716 5.191674431664518e-17
0.026112386256527134 2.2070693124196174e-17
0.24063126586481984 6.25458851085107e-17

0.5141046963151797 1.6275740261332368e-15
0.08736539552086163 7.765184240019721e-16
0.01573298048457497 1.4702005939150296e-16

0.6552456623643858 -2.3228702853847264e-15
0.05857684558790214 -8.987128378551513e-16
0.874582570994817 -2.8981125490062723e-15

9.198434720790365 -7.155562607462425
11.110331414139724 2.1198589611324032
21.346574742469837 -3.707262373236644

-35.740283837206725 -15.563851201256233
3.481665359726993 1.9478060648382705
-18.509395428210038 1.8032472705783984
