63

5.289784099461933 0.0
3.169141521152961 0.0
0.05740167804827511 0.0

0.80016769113096 0.0
1.7262737265198618 0.0
0.5414168062383116 0.0

1.297564605172244 0.0
0.6634327194601264 0.0
0.2877336808542763 0.0

4.806290077007496 0.0
4.45408125061901 0.0
1.6648236241990038 0.0

0.9818171079859044 0.0
1.5741704309414768 0.0
2.425483484706297 0.0

0.6712684107188868 0.0
0.25632233751476924 0.0
1.0754880136228495 0.0

3.948271176005189 0.0
0.9856056866414796 0.0
1.7306736388894661 0.0

0.38447910178539474 0.0
4.388057590096537 0.0
4.0973684512558295 0.0

4.945573506046066 0.0
0.17259817692704207 0.0
3.627236028270907 0.0

1.071919890851458 0.0
3.537586203116939 0.0
2.2214506693462974 0.0

2.1153433330799785 0.0
2.792845158529235 0.0
5.415174289498275 0.0

4.479408262949437 0.0
4.054046837182039 0.0
2.8303606823955767 0.0

2.760430188748185 0.0
1.9945636400911049 0.0
4.39334326273572 0.0

3.795948506411405 0.0
3.370630462456045 0.0
0.15883084732278813 0.0

-4.6056730773491426 0.0
-4.692115241622037 0.0
-3.9015678101491935 0.0

-0.33923756254554877 0.0
-0.36719669652935794 0.0
0.2992694744749792 0.0

-12.190573795940677 0.0
-9.217762940853866 0.0
-19.34266851781277 0.0

14.117629339382658 0.0
0.46526240142290914 0.0
9.814959219548474 0.0

2.8958102483326322 0.0
5.481698664198052 0.0
8.734267992303408 0.0

-1.150005995793602 0.0
0.2917577563350343 0.0
-0.32315155684503616 0.0

-13.684787698510249 0.0
-1.2790048464947128 0.0
-11.313334147504877 0.0

8.305976738535575 0.0
0.4747528635983703 0.0
6.555432577082942 0.0

5.762950976438934 0.0
3.205606013883365 0.0
2.2634714762625032 0.0

2.872482877662656 0.0
6.287577799154391 0.0
2.648770167244183 0.0

4.453424488997531 0.0
1.4158208063856295 0.0
0.8977381136195758 0.0

8.442782915120771 0.0
-3.5247515409510393 0.0
3.246716031962015 0.0

-29.14392805803852 0.0
-3.5896954813474404 0.0
-15.930793615877423 0.0

0.6149492654384244 0.0
-1.257132521116441 0.0
-0.16131589897749873 0.0

5.167382844787568 0.0
3.4092460126661304 0.0
2.7968929677206815 0.0

2.8730493478243484 0.0
5.7254538896509635 0.0
7.322399141334583 0.0

3.3007863660306014 0.0
5.130229146988284 0.0
3.312305150703505 0.0

-23.293737304496666 0.0
-9.924803124496888 0.0
-1.5666921544619075 0.0

-7.059293007025278 0.0
-3.3662241357069287 0.0
-5.098976761716286 0.0

0.9742551347935171 0.0
4.128567515346389 0.0
5.427143095620406 0.0

4.139563285700377 0.0
3.49845645550494 0.0
5.902979968556689 0.0

-4.137320963213368 0.0
8.189554814727098 0.0
4.282596797398079 0.0

5.679074354550204 0.0
3.3534404605876698 0.0
0.0715088772819634 0.0

4.124654880853573 0.0
1.0536667594084654 0.0
4.40184148318307 0.0

1.9366779418013005 0.0
6.6113998515792405 0.0
8.45703826244658 0.0

0.559934919015342 0.0
15.652077039594134 0.0
11.38986583700815 0.0

1.629696744939505 0.0
3.5266290994183835 0.0
4.752421645781028 0.0

6.725139617006979 0.0
4.842141985167424 0.0
0.01420022759870718 0.0

-0.5148702752566223 0.0
-3.237701806074615 0.0
14.442460308670718 0.0

-13.166678771601633 0.0
-3.702313014356246 0.0
-11.576369355893698 0.0

0.9911090449795655 0.0
7.229989440506781 0.0
7.355907081469624 0.0

5.917817701715769 0.0
2.2579996898794126 0.0
6.341875774815945 0.0

1.1552414310071977 0.0
0.33578211065306635 0.0
1.499530816273087 0.0

0.01291474080771876 0.0
0.0709392656450231 0.0
0.10168299125630473 0.0

0.6484531290754333 0.0
-4.094565396430266 0.0
-1.9563852568324716 0.0

0.07455144374648724 0.0
0.00760902788383335 0.0
0.21293831744435116 0.0

-0.14888389879467293 0.0
-0.14678792649429365 0.0
0.3157690570881296 0.0

0.008114967570411741 0.0
0.035706778095324306 0.0
0.25558201713674833 0.0

0.012033761742010814 0.0
0.41592427017328987 0.0
0.006668565106189041 0.0

0.00756752625866084 0.0
0.22094357753646804 0.0
0.5906890772636914 0.0

0.12813974892905894 0.0
0.28468041067223976 0.0
0.33881785502844286 0.0

-3.202897819436433 0.0
0.2326976465866298 0.0
-1.1260772294588717 0.0

1.3560934294961449 0.0
4.328989931362323 0.0
1.2384830202472812 0.0

0.1309400924706716 0.0
0.026112386256527134 0.0
0.24063126586481984 0.0

0.5141046963151797 0.0
0.08736539552086163 0.0
0.01573298048457497 0.0

0.6552456623643858 0.0
0.05857684558790214 0.0
0.874582570994817 0.0

5.0637448969633345 0.0
4.851510528945748 0.0
-0.9345647121519407 0.0

0.5786257412745295 0.0
0.47918498829142614 0.0
0.12755317764564783 0.0

2.221052932279201 0.0
2.25207041277115 0.0
1.5805032092377607 0.0
