765

-0.12052326955021436 0.9544998884573934
1.441144841851241 0.25596337466886543
0.10345862925829091 -0.859327150494707

2.9154468609685775 1.3357600212227378
2.002691808722302 1.5277510047703473
-2.079642419130607 -1.4777487762560337

1.2768222819525805 0.16033343962010327
2.0723706346822723 2.4625577984966665
-2.183351223610645 -1.0731875428404398

1.3375462026513159 0.6681503023654481
2.325000208800128 1.911893994386907
-1.552038431760999 -1.1563496737430172

1.5585856154463424 -1.2111900211576991
2.652782672230453 0.07625439697875791
4.5586047332636115 -2.378997470214153

4.175513011238749 0.7070744574610417
3.127913329909149 0.9224201024908055
-1.1630754962054721 -0.37345520581170166

-0.4239374865378338 -0.20564722040302547
3.605152464045256 -1.2418568081021741
2.6226139389541028 -0.751679854467663

4.2337412871691384 0.4549897919266686
3.0798830796035164 1.0049143333720516
-1.2332990021730859 -0.35900343898531184

1.173745333304773 0.32737523106964045
3.7101821571253732 -0.4826894370391069
2.0871966620826212 -0.45727119111734044

0.5971516470655458 0.1955741880951216
0.6922984107526365 0.05539580600237167
0.48607739493792756 -0.44448437890330644

2.02236479018168 0.07664586923775953
3.6087546661777488 -0.7229989512167079
2.9592291565272983 -0.2706831960361557

4.440704260900611 0.09900587150650597
4.07173123325394 -0.11727039635034067
2.532017554905539 -0.053455231966826805

0.3672203181176151 0.044253810826827694
4.9042545554217565 -0.16338079851102974
3.0138139486688353 -0.07588230767662209

-0.004105377350606483 1.0150496827642383
0.9606376313042695 0.7812171786559169
1.1288439630939258 0.2629676709147345

-2.160577284043816 5.070404113417255
5.2222193044055905 4.5788552651475545
-1.3808714874851757 -3.1287214999808066

1.0523419188916292 0.1500037148225602
-7.090443253377928 -5.093224070459174
2.045854707116276 -2.8856161563403875

0.3814203661073996 1.2294297570848896
3.4195521413376615 1.8148582451605446
-0.09497901263372906 -0.4680810817228033

1.6685407091586704 0.4154493497797305
4.816539911922338 -0.12079742715528448
1.42958561622018 -0.48812306636770364

0.1218548651367713 -1.2327114719435053
1.6991674712292406 -4.195546508062627
2.6186375082490483 -0.4019836267712593

1.3142988807100497 2.236183785078646
5.767755224441281 1.4601585349808317
0.5469766669153316 0.32869506518431535

0.43397174535366917 0.44322244919006887
1.1067311831382245 -6.023057109491378
-0.15771186511678142 0.9647916076585434

1.2772233358485263 -0.05075580152140318
4.03714282339339 -0.6268188600634229
1.88166415689268 -0.19678156904054733

1.429898321601844 1.0220134152877243
4.303670505097317 1.2118920201765935
-0.43591313330479636 0.005396233609529146

1.0678743125228096 0.19891026612312884
2.6898820768769514 1.3311160530659791
-0.6711351501695879 -0.9020423267156098

-1.453596838038985 6.443010783451216
2.131237393997976 -2.421703448235256
-0.7951643459642097 -1.6306026146291117

0.16860965917584145 0.1539000350701545
3.653533383283383 -0.9006507315012297
2.5831499092069 -0.6567417799233328

-0.025111154408718004 -0.27794519799315387
0.8725347340644709 0.8051172628112625
0.041914347935888926 -0.06365641381030511

1.2627519874104982 0.2224665514738255
4.443713277170569 -0.41329093934685357
1.763445084169755 -0.4456822498308899

1.3036783974357653 0.01800572246724182
9.151665395409346 -0.2923766822937813
3.1016127652804997 -0.07582809797866566

-0.1684502142618796 0.36696249437408884
0.9311283450268535 -6.80796442652349
-0.8455953675451848 1.1656934071772074

0.9219942248330847 -0.7214741267734793
4.9456513046450254 -0.4679941837085262
1.5733634815239728 0.002141284129672095

0.6026312930391595 1.1984437098352554
2.968061004792891 1.6458560603821835
0.6849868583531579 -0.03851125871082345

1.394746121022984 0.05417735437829395
-6.8203253951828575 -3.3002635379483576
0.7780119012654254 -3.074408989748305

1.0918088480475738 1.9033985427753142
3.7143200388175046 2.8699285683482074
-2.1802955146967604 -0.03194106634462207

0.32532667664293935 0.5939399401931654
3.169411292369431 -0.49233616252905243
2.5736250833895333 -0.6522009125619378

2.6988854827744504 0.12441741490432288
6.144206249627837 -11.995351741906354
2.4400825126518693 -1.3928376248961256

1.5249813666932217 -0.1984789767689266
4.367378422452011 -0.41984105050017057
1.7592131475216923 -0.2986236149586837

1.4495824194520048 -4.729599886173147
4.073197956309684 -3.492365665468935
-1.9588258348241328 2.585171489036815

3.7907790223214017 1.8097794914485033
-0.4030611827239867 -0.4963949753249346
-1.1224674425340104 -0.5679742792956767

-0.9760621866108387 -0.14473524711865526
-1.640864892684741 -6.761420729016473
1.5706403844034882 -1.0020472665763

1.7216611509643625 0.11143727734663637
-5.978328236327328 -7.178650169792023
0.9244527022333209 -2.756560572318822

5.927039344286588 0.8366006528993443
1.0954868400340971 -4.173508680934892
-0.9079802074531558 1.406811476959012

-0.33014336130045063 -5.019104175302156
0.8872586461743843 1.0564374381749408
-0.34102219014726204 1.3631763999822615

1.7842452471987174 -0.05933965953861355
-6.684420097373416 -3.4048693362217866
0.4333185405382224 -2.7876272417016654

5.083748287759161 11.237055558716273
-15.104050240146844 -1.8029713929125082
-1.4728253202370565 -3.783939944510126

1.3676498159088095 -0.3326316443930676
-5.751277388202501 -2.165255940093897
-0.6194087656977424 -2.384888314367027

6.411789423566051 -0.985090041896396
0.20787406049954577 -1.7838077650121522
-0.541455517492993 -1.7002537150399206

1.4117652225143456 7.838873056770109
-7.251659637246147 -4.103883412572357
0.08933255205629999 4.768502121943883

-1.7936809651663008 1.8955978568479954
3.5257124416117973 7.113571902022818
1.693853582205241 2.702561846945708

5.997923328913098 0.7120526071771588
-0.12664891055010397 0.09304248746088584
0.7780034425458334 -0.7371650397038576

4.930271762065591 3.9626135706497716
-1.065577236086807 1.5625255548698587
-0.35705216451894517 -0.4646617136876745

1.4792334830258687 -7.618751728037061
0.9767325129526826 2.9567025375189364
-1.280650710470682 1.3626576757773645

2.463413332469257 1.836172294710058
0.023799360661979827 -4.767670579261046
-0.6794957974446033 1.037571399357772

1.5109436099909832 0.007794801892947383
-7.044157366725938 -3.8234035592877724
0.6183610013936891 -2.857618121364792

2.7947775220129505 -1.9445445518689113
5.688542905855957 -0.3750012454686361
0.9222138153784057 3.537030720412744

1.3942438221972129 -0.48723907321562143
3.744478648439411 0.7920719425375711
-0.6300266557038282 -0.014164595206084951

3.256397020968341 1.8324694905400472
1.788558000161522 2.994734840464228
1.944704598165485 1.3367072908274182

5.910595588941303 -0.10670716077870791
0.7861760899206788 -0.03588373430246017
-0.587585810471945 0.7656068250943109

2.584485260803784 -6.934111008031404
0.2015957247076142 -0.13866184472230175
0.8466109238290384 -0.7971665620597589

1.3428634210303396 0.1647596538402139
3.5040025201939944 1.002968586654278
-0.5666010544489885 -0.35972904761246755

3.0143172670775713 1.4884564182525213
-0.41281991181704025 0.48978510574173495
0.1995475388373133 -0.6628427010774377

5.957648404523279 0.9111994756884073
1.9973084807580914 0.04533582672101451
0.5326921707554995 0.5268198250990775

0.14446654622895305 3.5250289752119426
2.6520501504452247 -1.2736653219571386
1.6035090546632054 0.8555447156857684

0.6521982369434476 0.29513241419469005
2.8656588389271307 1.6126634919926022
-0.3951565568438801 -0.6390277931909256

0.3831005634236266 1.1045899782211837
4.456672754705951 1.5719893023011922
0.13042164469262865 -0.05229672481834605

6.1995198103532045 -6.299943423235941
-1.5506726042854397 -2.9725034313676426
0.6123692308528534 0.34032859084572153

-57.19733847760124 -7.751190437870893
1.9399743154671165 -2.1826775853088
9.367948330418315 -61.85156194988983

-0.5184329001085703 1.6589213598082815
0.2000872579692835 -0.630363419732959
-0.646664010177859 -1.458479166129953

-0.08558466333688845 -0.07690464517392975
-0.7101703674001566 -1.0135251209548917
1.583152911080456 -1.1398313874078339

1.204885744739296 0.4471581622494451
-0.03878295495871046 0.22859898846394885
0.953619203060769 -0.3372513974268223

0.9944356758368281 0.45177196435835726
3.578843587102535 0.6719801024908081
0.5795609557244003 0.03266456827857501

1.0201083150372101 0.401380200922374
0.8452799622244278 -5.510996803886023
-0.6755328213791708 1.5202087740315307

-0.07544077384719389 0.39533293878515074
2.4361775761842015 1.0388558297412764
-0.03865389926863389 -1.0654931979331757

2.6195331541996487 10.233470332690313
-2.4696378441340827 -1.3496551088485615
-2.579965457860849 -1.9548707668157044

5.383480410308314 -7.412390719002845
-2.035350557059843 -2.237453640471104
0.5653988367426335 0.01770378295415067

0.3588342600413462 -0.0940208716705439
0.22705129287113474 0.18777254994215273
1.4295789904448755 0.19547705789747874

-1.4081797515257706 5.151218580360845
-5.9441562114053905 -9.67383841563251
2.1367374677680364 -1.4851475675722754

4.977932099955435 -4.755421212255447
3.210034968609098 1.1575494228149275
5.973983726098973 -0.7462042985927445

8.160509752486087 5.652906359125504
0.6662603603356606 1.0960003108306258
-1.7058041350234145 1.2415882135182839

-0.16260673771822026 1.3814944072350053
1.5933497844408098 1.3762771976319075
1.1350193663841743 0.3936927239613192

1.3430769876412438 0.07871116584221112
0.9235216136174329 -5.212380762404645
-0.9205966541988247 1.6459868147624979

1.3981045541878192 0.5266734674915611
-7.079401763007366 -3.423846226910916
0.17315901664851768 -3.5211005578517445

0.9049875260802183 -4.1644974891804365
0.20151278546934412 -0.0005094426994752947
-0.13667287890389 -1.0251764512348753

10.448752039499087 2.9019212716677116
-0.5596679441766576 5.8174099310143115
-0.7480924857257207 2.947632812548718

5.660308554872432 6.38971917362651
-3.042698818754793 -0.01130762163404948
-1.0707599004785175 0.894249195748664

0.43119298869735545 0.2273830411572608
2.8864068387768165 2.0012834619293596
-0.35929502439407957 -0.5713683492479291

4.06768899175805 2.98823557702664
-0.7132920043600218 -5.607098135002915
-3.3517545596021447 1.900488158098629

11.285189501385863 0.19317622972951923
0.3901955899241878 6.328589536301739
2.6542571178721124 3.5229551376456683

1.703564075438935 0.19285850693362977
1.1060423136406914 -5.135443537667075
-0.5037867456677367 1.229951670901053

5.617492400927084 2.043153401802059
0.4415416129862168 2.3676167383785347
-0.5512527868796957 1.4318448143420108

2.3610081541361363 -0.9209694243824994
-0.7169579346233723 2.2751034626986697
0.008714774994252833 -0.9961018851977229

-3.790291726336682 12.456278216976424
-27.181111554399884 -3.994024502607417
0.7736196372392522 -2.0902529431792454

-1.4949763914456844 0.3918108339438344
0.868535087581235 3.362537229495853
-1.3669810447621382 -2.135409762356899

-0.11199345368183782 -2.4862608850205903
-7.640164105535572 -1.6547118339802176
1.7327719770665393 -5.814482582590684

1.6457231474747827 -1.5581208021177213
0.5752989956259226 5.022018226821365
0.3911239217227562 1.6439493593377845

6.435087311029637 -6.013975912876562
-1.246745791119758 -2.487916003501837
-0.7728356614322107 0.3425606886491678

2.9782662890100897 -7.78805082546632
-0.7426393855360802 0.8178946420152219
-0.5615155850389816 1.4027839739723202

6.806976944592211 -2.2596130227377897
2.142205715178725 3.2345970327300875
2.7656169844222043 0.9162561989778577

2.094187216316766 0.01787417867536519
0.33976249428853533 0.011800932879707016
-0.7512585821793754 -0.04458583391795411

7.939784287879671 11.754681671108095
10.060123636408797 -4.536281625005193
-6.615396436967866 1.0052593288435407

1.4513961299217653 0.48882804787184264
0.5699939867949738 -6.113874744416426
-1.802997402020186 1.2573371416342731

5.514186195797955 -7.181475071178664
-1.9675858388386687 -1.8297915931503654
-0.04836712777550921 0.5731386392176417

1.9991091920341963 1.1920055825046874
-0.2623415081471707 -6.649093188201994
-3.116824781237662 1.6655153475846447

-3.203592923334365 -12.780938955595355
-9.04574672304795 7.443665826829147
-0.5995138964213546 0.20599106095655265

-1.2228294171384604 -5.240817414602554
2.2618593913404133 2.0348213356112694
-0.7391663852999484 1.3848528962044975

1.773036307801222 0.10144982817231968
0.4422028346443088 -0.01842272824058041
-0.5684783686998441 -0.2096584387791821

3.5610150696709115 0.7742257415586296
1.2054850684532437 3.4095764755492963
1.8486858692987902 1.256884783790268

1.3537422994608608 -0.0421575690070768
1.5551410474914926 0.11859426346326138
0.13308760560249175 -0.02813209538753834

4.698331457951941 1.5807587299359958
0.19050610904680035 0.5469833745528886
0.36105929462582464 -0.26193062892517144

-6.8878338152311525 -1.8935250777047927
-10.044416345931884 19.38363103759595
-0.24056511189116236 -1.5291584595035899

1.5216820048302078 -0.04548854355322284
1.7764211740088973 0.20346808119520157
-0.008822281823605251 -0.05501030264628238

1.6444961659010238 -0.20987268133651213
0.025659876975864734 4.460755434463062
1.0261829282980255 1.5632412158161075

1.0229173589713083 0.37565795042254424
0.5887883578711203 -0.10020044842356396
-0.07474669280359308 -0.14865493682071923

1.563181506929517 0.003293863707495247
1.4545611611300542 4.603204353387839
1.1550355515204436 1.119964533753435

5.1052818788718755 2.610550760069307
2.1864074412277548 2.556887679132012
-3.528828686164325 -0.3777755740131943

0.7324918313091188 0.36482587747085427
1.1758265321834658 0.2196668044107797
0.2663487319906504 -0.41813098189948406

0.6967117706464172 0.3597650183601637
0.41990019613480634 -7.202904357746211
-2.8234047537732017 1.3625703784746754

2.5592208852308214 0.25326151950622616
0.27218478765349147 0.24406809669070217
0.6266970767827384 0.5683943401214961

0.4103732041699457 0.16892164597087106
0.9128366554644455 -0.018879256439216525
0.1396316814014236 0.14513688298134453

3.690938484130499 1.0545795295698577
-3.4229859779575356 1.6009732252684923
-0.14902997806332668 -0.9501517886376484

1.046024354804673 -0.490135466074115
2.6564537260523617 0.3815828117936596
0.9115435534414766 -0.36117871999931794

-6.0885339948562125 -9.957423129933284
6.154733731099096 1.1402326975354091
1.044100176952433 1.8519962738067124

0.34340661405696193 -0.010974688299028819
1.2175573828370723 0.27227416880219507
0.8982515842473013 0.24693827058747653

1.6885249260593003 -0.09412118510652041
-4.817618894427143 1.6786539650196346
0.03561496432259815 2.265787598884808

2.8609777492496216 2.049403122103677
-0.44197016831764446 0.6213274401657758
0.12224787191672727 -0.5608536368666636

2.378258391382826 2.2871058467116208
2.6324010235886472 2.958161677757446
-3.4100064436979802 -0.9592656296319128

0.27537945370660405 0.27269091049821265
1.347392127070618 -0.45477117561090064
0.190870194070644 -0.07080586993302587

1.825567683798278 0.026177783284823595
1.0863802439712484 4.101626649114215
1.2553708413529456 1.21317235926427

2.494072668510315 -0.7763449307121807
-0.1866537669517247 0.16734262341953338
0.35976440820623756 0.41753144572208867

-58.75154349883297 6.814434863895767
2.756615037613584 -1.9108202331978243
8.593425194173955 63.4610903772996

0.3172122151268096 -0.13945775125211807
2.285453796522768 -0.23809943403656617
0.6165995103758183 -0.2809165996952567

0.6275741466866901 0.4080575461561748
2.7181732991098895 0.39278944481759714
0.6803339033688711 0.2085423949942235

2.9813976379006126 -12.597825455145122
-9.538930759978323 1.0190690810823244
-3.0721476977655224 3.3429118504301734

-1.00831669256399 -2.691408417512578
0.48988986736819284 7.676176087788039
-0.4705418788109917 1.9389769159761387

0.924618595781763 0.6348761556582025
3.0673616969799427 1.3893442549802977
0.6910317085788329 -0.11816171012813068

-3.3022564856549166 -1.6997901108947129
-0.3400870122786042 1.2702803219449177
-2.1298171454406423 0.3250038606710289

0.6970841020841015 -2.4369209417548965
-8.830474041894897 -7.129842066142142
2.1981657254856057 -2.287878955481926

-0.08308992124386332 0.3680049231554163
2.366395720939772 0.4626156177280855
0.6781780643727127 0.4604258201850946

0.3362305130178809 1.0468550610348417
3.5715108408215537 0.711735257662273
0.5464674582968213 0.3509132254273488

1.0735376066237294 0.2062423447814267
0.1874741485203907 -0.03482395851921403
0.18829901903152416 -0.3235117153326096

-2.4372532925250856 -0.12809088418365133
7.3654231640346675 6.934132213818881
-0.6014176467200932 1.9004924358856001

1.3984285505659666 0.15103739494347798
0.1192156291160533 -0.17202859865108053
0.45818536451919195 -0.5241954727442412

0.9231383690442087 -0.45408557290884505
0.46428027486817497 -6.978801726684329
-2.916338757193437 1.9999466733384963

4.901885112574451 0.67259980736047
0.7292450732933163 -0.18226469203701295
0.7141049117369762 0.06362555570581367

-0.809315316404082 3.2466948982608534
5.874435470104935 0.9283943874833304
0.5095510545369828 0.6902858949884869

2.525346167405638 -8.201128456557006
-0.3085730929865216 0.9829452605093543
-3.226904521585655 -0.6378790934430425

0.6121483913935464 -0.3523332806893123
0.17606839460859325 0.30577628376134613
0.15522747785318425 -0.09941484290888909

1.6469736231010277 0.5118554393936171
-0.06689324838611685 -0.05723781153164189
-0.012373214077829275 -0.22122896962983166

-11.564198815524652 -7.175452396656253
-9.006235726778481 16.72082180613439
-7.704159310908464 -6.066175126434109

3.3137081787602947 2.8758543125337237
-8.584599362392083 -2.625383996831169
-1.0777601627363262 -2.926164069001393

0.09460091671973174 -0.018081919004214703
3.226027491446683 0.7844548638231112
-0.15302317420645212 -0.3255016446760764

2.9875471530126645 -5.678402213382576
2.853774497454428 -4.304736836966353
-4.221217854231645 1.0979276302579664

1.9430302046956949 -0.0660990436437378
-0.6883501453530938 -1.2943376166860505
0.4835293328394955 -1.2100902583897606

0.9770144184585403 0.1178950811730863
0.1324094361041587 -0.15537143199877662
-0.36692443086311977 -0.3421517707329698

0.17602885758085837 -0.023707920854244967
2.5160397019867133 0.7815419099033454
0.25415930072432097 -0.4055943594967243

-1.6951052290853512 3.9530642504712494
-9.289146010189715 -7.204952882298314
2.2128798921586426 -5.128594833748717

1.4922402927895984 -0.19987421442961367
0.926843539264296 -0.5727526859963625
0.7303735844471095 -0.8611613249277533

-0.20670032048995876 1.4053858127489416
5.047506079237849 1.9877096819053335
-0.08718812844747695 0.5917589279169043

0.7844002549376055 0.019616128145383598
5.591423528217937 0.24172780210543623
-0.087165900854649 -0.04310166781207015

9.958418476852275 -7.192947473924925
-2.011486164356241 -2.328474284003071
-2.1527704576201314 -2.4570712903702887

3.5985285290345357 -1.8331131870378639
0.9081571766553934 -5.998306760315393
-3.256349630570454 1.3859637489165035

14.621352873234565 -7.698876252254475
6.688221498704738 10.965377774535627
7.629933449590834 2.5186189500576015

1.7988381661066848 0.36747661221255656
-7.278516711887472 -4.656565102741296
1.854745214089781 -3.1075342567783455

1.1235067221689352 0.08424587734097932
1.2858624306935886 1.4044661646440402
0.1382424049641817 -0.8372465054350308

0.5867092833793351 -0.3829515691321883
3.3996431065909194 1.1506649400076738
0.4221841787664013 -0.6395746074640501

-4.8611275324809755 -0.8209983626010388
0.4415952240594139 8.478812486961843
-3.391968505504211 -0.4550291904124692

11.271517902824234 -8.960735791403282
-10.108593971458149 -2.679059075961401
-2.7459443134503054 -4.126129885212752

1.543858248728081 0.07644846075627848
7.3518789945324015 0.2884415071337288
-0.06671061472872877 -0.020827339837980813

1.6166825285346642 2.273645421177024
-7.977111418327886 -3.457958761501172
-0.9227977324935556 -3.449620195049336

1.5973341482286214 -7.435369306810146
-10.740866359050239 -0.3385458176758037
0.8966989730956153 -5.138618175024553

2.4451805885306332 8.931926261921587
21.818296272826277 12.239676463149607
2.2750224465121347 0.9706525153452974

33.663347863152914 -29.994448170519906
108.10945499795505 32.156510138909475
4.545128872599481 -0.17780630720299287

2.6637861594041237 -10.655469586261884
10.622553452275028 -0.3401310490661403
4.463584560105036 -2.573909637771753

3.4672483211245915 -0.8719753847857087
1.0780025184152988 -3.055717175111606
-0.053839810103479324 -0.15470503830864749

4.731722152629502 -1.2535818003190666
1.1187779415818655 -4.199133572709707
-0.9247029350936455 0.9795926966443572

0.5142492394524022 -0.07105167786220266
2.5743149624556154 -0.4911744827506925
0.13137076972488215 -0.9871043595215659

0.591514503699773 0.32979987223812973
0.08077530345633577 -0.24262548429390063
-0.12995528358628666 -1.094529807607586

0.4386424456132035 0.22624860987812156
-6.662362968766183 -4.574394450677454
1.7298355384322752 -3.016752994592175

-2.015641067657791 -3.6722074457393212
3.589885296935791 -2.8043986079678715
2.363734320814857 -1.4097736712287778

1.324948762290038 2.1113532026092927
0.32089284430663373 0.8767663842242323
-0.7225613337379255 0.08125484255174933

1.7906772435880336 -0.015015832515131722
2.3627613770418696 1.7461330789283311
-1.78248887495996 -0.5638909829236585

3.756246396327343 -3.7878297987807503
5.832783259271523 0.12457032537937583
2.072910322658036 1.6750002975874736

1.5050968784556018 0.13765309305424228
2.602404873711214 1.4662718461510749
-0.9950529422955061 -1.0040761513819652

1.696578318715152 0.07461764632034246
-7.332696928979596 1.8743090158180722
-0.6527678906606169 -2.7473426085545465

-1.6850950982644242 -4.2267783399487575
4.325643819265603 -7.079341635866626
-1.416758502835269 3.316109084261383

1.0890374444593063 -0.26244500528304293
1.9921729471798446 2.7934436150439277
-2.576707975447308 -0.760110919950032

1.6573732145788662 -0.038769328263060586
1.417123628670651 2.1787133152363882
-1.4673198492192148 -0.7965118406087492

5.228042064996098 -2.1822461362801397
-6.486517004598704 -0.7502065648515683
-1.4671454350324105 -3.040912953580745

5.066635529322063 1.0270616524332101
1.0721573075110236 -0.6220520584433943
-0.527950442994073 0.19089793752497397

-0.3487000240127863 2.0653956052690927
3.9340348550163244 -1.7112412450392385
1.6119400185688206 0.64057701004117

4.537321044354744 0.43334558775390164
2.239710761889797 2.255418899069231
-2.758616479306377 -0.7736934925405786

0.2629501726473374 -0.6948115009575284
2.257189892435772 -2.3046518010913877
0.35656904116817223 0.24560791331099344

3.562175912901375 -2.3926526900143723
2.540450220947032 -3.172618850146038
1.3951962168049523 0.5825427107580803

2.8539718887334544 0.9861264412977363
-0.18831145248129313 -0.22343000947057454
-0.7151566369006503 -0.7209520508696788

2.7557900955339947 -2.7853575484384385
0.15187797248280924 3.835061854337588
3.1097166249440336 -0.03727315869123072

0.4394689192114148 2.0653844995255466
-5.75543758093104 -7.235075155846678
2.5851219691724983 -1.6755451753462656

0.2580791256934523 1.2132457869952527
1.9781189978250238 3.236015030435979
0.4106575246634925 -0.4549569604997414

3.819595952242047 1.9553626293795927
-0.23270178762620064 0.3557537478264696
-0.20825203968855374 -0.8556022770009516

5.736212967079896 2.734073824807028
-0.5541119588363501 1.9859671458183645
0.8868709533245303 0.7007612666580627

-3.0151911341691484 13.605819340776447
-27.815640526385156 -6.681585384576216
1.1969739049821686 -2.085096195165632

-1.8090881983651226 2.270094375761683
2.962572795922713 4.783423620383929
-2.3235286167533977 -1.068693801145398

2.5903457826763026 -6.957436321318596
0.03912437904397233 -0.3284355401244832
1.0078205336394812 0.45696050053945303

0.6889858346930072 -0.4800461999476317
1.8037771586403715 0.6867288833931969
1.0263154636003615 -0.6270208696454167

2.0124429052730837 0.8428431432868415
1.2985226418143674 0.7959336759319425
0.9558644097019164 0.6644499292963052

-2.081912526875489 -0.5599352013356775
3.3402707895801775 5.7442534061453925
-0.8398986390855413 4.5280271121186795

1.8936599698985235 -0.5608392139405223
1.0693672362338322 -5.913594479315392
-2.0045262243161144 1.2513410954433426

0.2847346560118632 0.16198856179655005
1.8185161650836665 -0.07933239960572845
0.8707937672870584 0.4549442837760973

1.712270196621666 0.0893322034420913
1.900049706610363 1.7175236299610466
-1.7409435145270076 -1.5054701274138471

0.21570707698513156 -0.5742377081169021
2.935536428319966 -0.25802740142610264
0.6016233028362953 -0.3944527767735629

8.824750749652601 -2.531287237198097
1.4758204229429956 5.812470911658269
5.325026632424681 1.9831969273470211

0.44865935720430006 -6.110097228182386
0.7422087337921341 -3.086269559882033
-0.9464157588844072 -0.6452898299711509

4.146959227574407 -1.4098465321672784
2.0372856536823534 2.012539176875829
-2.9296382247278543 -0.9607884864543776

-2.925880758762952 -5.4118401478943445
5.169349390879952 -4.742984366996811
2.1163984772421625 -3.118144503209828

5.4033659610174745 -6.230537734510471
-1.4708886774595997 -2.27309658561649
0.5507159147326408 -0.16193333682912786

-0.772385098209261 -0.06339636934995814
3.82281515215272 -1.1850662004532126
2.7081012438380228 -0.25923911903412944

1.7999236194943868 -0.06134524313881102
0.9593960558208794 1.0901875551825753
-1.2204324812151943 -0.5115582287318949

1.5912149820370896 -0.0031626750947947426
0.9931290003085967 0.2628613952418894
0.057962440215883405 -0.5983175227175643

-1.8688916016480503 -3.52344037985807
-1.3657465169004934 8.17742133638178
2.255508414262222 1.1774843326802416

-0.22779102638009785 -0.8185901207617793
-6.342201747077166 -4.282808834733978
1.9234973829559012 -3.895144455834553

1.6745331511948276 0.02003022072039776
2.4288752250528884 2.3617409529757882
-1.9406318478484732 -0.7241548500388991

6.4683254797384695 0.5653636322595702
1.7381774159447199 -0.7455917769575896
-0.37738104074454154 0.46396015273269464

-2.407121787195875 -1.6906339567057516
-2.922837807945807 -8.399950370274885
3.466666642499926 -0.8209987729743046

3.1591760195927208 0.35279351588321983
-7.150762544593091 -3.57750652334231
0.8479607186155318 -2.8369876179488083

0.9889090661091903 1.7925242111467758
0.8288730509395696 0.4489666917631774
0.24605818841609903 -0.23517782377707652

1.6520045037895632 -0.002339931303042494
3.606432317243684 0.6175336847647855
-1.9565177701011547 -0.16914907595665762

1.2486311718383873 0.055424369464594336
-0.46361067450920673 -0.6506605652435968
-0.5423283197065482 -0.8727711098932347

10.426673586832424 0.10752685872494294
4.947787559750702 -1.540866080116408
-0.05400328718702262 0.9039375561451877

0.3427659447489035 1.0508235331072642
1.8645463227193813 3.434405702546392
-2.9113714312577197 -1.633549133169477

4.4071541833188865 -0.2335036250576935
1.0751976113445731 -1.9907310017190818
0.10932286754065634 0.019234237396897447

0.9360065835347393 0.2816304989000716
-0.4067868263033139 0.4620225116883814
0.4276781628403109 -0.9152067048441199

1.1056795078733004 1.7764817382880624
2.3807046394326385 -1.0088468540326647
1.3767658785863945 0.4306767715543764

5.062554791047164 -5.546461128462652
-0.41113156133767637 -3.165245998512802
0.019420975319918352 0.19838761944456523

1.2615630624218606 0.3621077527772569
-0.04254233124860163 -0.7112860383517384
-0.4116696185650888 -0.8372919254563866

0.9434242441441758 3.5008527264670684
-5.466640220906059 -7.428167151616602
2.3952500095796507 -1.2722203746566696

5.137001335668697 4.165147604600217
-0.40168757095199875 1.165299750208556
-0.1219093948422052 -0.5328200014542451

0.7799084695582084 1.1174341654653128
0.11664243234399325 0.6275396393591035
1.8997831691603062 -0.13655408194063218

6.13743245734746 0.27713232812872923
1.0657354931448422 1.120302085318908
-0.1791445899033844 -0.5703631521439395

2.4045609867145017 -0.39437558088833274
0.11194871864843989 4.225892571811261
2.9404849767028676 1.3139714402305267

1.5362982787579016 0.08942589637801372
0.2069977484098687 0.07290930950054714
-0.6394941017507568 -0.11967191467018999

1.8989604902450916 0.3972766692705124
-7.4639716154522455 -3.2956943431241394
0.4000671109322429 -3.4118849244727136

1.2480993014910438 6.382830978912084
-2.7993596350575514 -7.639423412803389
2.85561504941988 0.5689608693794019

1.653594723323566 0.4056984345860044
1.5718800099310322 4.561515078286496
1.5787426523914894 1.283896891358151

1.6863149609808725 0.9655650899575239
1.453538287453655 -0.18153147000199318
1.0410619599461013 0.36669516555321785

1.1084827928654706 0.1913079448573901
0.164661374501802 0.10606933589871433
0.8274285049666319 -0.17606063930079233

2.8360031514080317 9.966878398301525
10.575073532920499 2.4972047303884697
4.521961736973092 2.7389613941278

16.421470137164054 2.284369637945658
6.468030679171303 8.406187298006792
0.6975554310835749 -0.68490745659595

0.6183761170531323 -0.014641657366044267
0.36153914863174347 1.481322239141406
1.1055385618295483 -0.9874822422249314

0.46932824608318285 -0.03359371286521227
3.1926698299485836 -0.37733694528359446
1.0696518308432947 -0.6990989058091387

1.8713867222631637 -4.292523640404306
1.3100330634880801 -1.705339793350644
-0.7962119977422253 -0.6032079778483742

1.8897607175686264 0.15739166679555758
3.3165873749982904 0.12363038386559658
0.613255614679581 -0.04620170847608725

6.682433855122335 -1.450205001907319
0.4951382485961186 4.676063290602652
4.579803013951863 1.597276501855983

-1.6536156966664548 0.3889432282157147
3.2204388160254718 -1.4103270625926916
2.1547065114047816 -0.41897699096303626

0.9985464969064325 -0.04496235241514714
2.0025518864823892 -0.013961739897612143
0.6205307275696483 -0.4541839896464728

4.253917698798937 0.5393429527538174
1.1015445795374237 -0.36322044148256394
-0.3787555007163758 0.2091149693270309

6.077642035279445 0.09463701149179385
3.2846760422964536 0.9442745198311359
-0.951236745982094 -0.26771772788480264

-24.2001349679227 -8.687623171685392
-93.32233039457269 -1.6881277719090415
-3.172866427629184 2.5053762693316353

1.7475983913940325 6.814865677370996
-5.751220948704754 -7.15913386383216
1.940820361943145 -0.9815961183118692

0.41633561574444466 1.0604513479269124
-7.060411755998741 -3.2584857214671685
-0.5930849172213539 -3.3952802323512676

1.5369672126384895 0.09303786831058622
2.3644386683933933 -0.4799965634410554
0.859857552301159 0.025518322958233097

7.355737284077 0.47027863378398027
1.783103607887491 0.2940251181479907
-0.03458999482625793 -0.016002443876881312

6.20614142471117 0.6933101915192761
-7.214304647577293 -3.7568801779968912
1.4059796130289748 -2.8484616055945913

1.3420477920675995 1.969584820137681
0.001864624594602034 1.0625787125693338
0.03378437359019815 -0.23927611762236156

1.044217181525955 0.5483655952785619
-6.7981377385644235 -2.839370464411771
-0.3161254260724576 -2.989722363541861

0.9021588906056832 1.225196259241231
-0.2327090865053197 1.4001163425020953
0.8106806881912488 -0.8792520636149657

-5.288630914796495 0.17039682141494686
1.0940955592028145 -12.342850250600407
-3.9520411679645226 0.5334400370088417

4.167971569823118 2.26182551165651
-0.02347671697706226 0.9121550196567195
-0.058952414138373134 -0.44129859684831546

1.9214265938964976 -0.25937446596942193
0.46274091911298226 4.331459948586717
2.5995365511280464 1.3405725356139773

4.585728942444418 2.2996544549056255
-7.657676474049659 -4.948296820853517
2.8703617637751297 -2.1796516372517556

5.264958447695954 5.306356761920478
-0.9599246852317351 1.352698585064535
-0.11553788949108927 -0.5757711965470107

2.4168418514953904 -3.263303189955354
2.3423192051647583 -1.4725161316783302
-0.4741686786887127 -0.6568973433619286

0.4519100937597244 -0.5836852964105151
0.6782263887485114 5.476959957269719
0.8394272952391155 1.9442273449628806

1.2538287205962462 0.10757605980479601
0.3433458617750702 0.1961021312731317
0.6941579789015045 -0.21131074836657246

2.212883442711204 0.10972258379209864
4.1716999717617185 0.1315195718037693
0.7547406044153904 -0.0063443470236173

3.6639192003197327 0.33649312720662683
-7.943167107741849 -4.905511623994303
2.656133476373111 -3.0966451645994266

-1.4557151703328712 2.6264161904192105
10.001532291477355 -0.43650654329163313
1.6660915622704637 -0.8839426504366876

0.9786695712379697 -0.2814076550013302
3.1003676228802437 1.2590565763152648
0.6382094390873163 -0.5237897436546155

3.3546258684625827 -0.6316324683642855
0.7217056326599702 -2.6523501695275007
1.0905732429156707 0.3436527829975423

1.1377466489005836 0.14239164524819994
1.3900426191819102 0.368359310892012
1.2065954556204574 -0.1578612631039731

9.31208118663248 -4.96718767958276
-0.8812867842719586 -4.211541908267952
-0.39275949056277853 0.8279013709524979

5.434079659965741 2.8256052508630427
-0.20029172822634983 1.8888079363809012
-0.19515474362762025 -0.4014094872488786

-21.41543382091966 5.1398600188484
-99.04066224211199 5.069206630468913
-4.900389486399816 -3.454219291771042

0.21489141825566752 0.06960551823809497
-6.542278872866142 -4.608173630715721
1.613493782374814 -3.3130786204027913

6.154790207452808 0.20085808588430273
1.1020202929845404 0.5718619674649439
-0.05585325719417769 -0.3333620302427167

4.125871389068083 -5.528092088049526
-0.11288490174011463 -2.396044777170826
-0.07144447032728309 -0.08891715366817357

-11.043596202104903 5.360882082666769
-40.20471608937128 -8.452196205796454
-0.470164671849931 -3.3691296954692285

2.146085001698265 0.621723649666496
0.17739930259561024 0.019004090217806465
-0.36256930209530547 -0.059406320596622826

-0.3674635928895951 2.5247980790076263
9.965362247843304 -0.7444976808796121
1.7658002155671215 -0.7655655317827949

0.37596478172415254 2.1629319298760743
2.9679265605427783 3.206566458379488
3.0175896390080914 3.5346284335917146

1.8170831180392157 2.002861468874671
-0.5757914253585157 0.8811714792766736
1.094557955082692 -0.5692504709807373

-11.981711172883331 -7.621159027699762
11.770383895578354 -0.6627194098538493
0.5952814273117569 2.0980096451392116

2.4842782860171924 7.466350935318743
-2.0235833793678206 -0.4077840843337815
-0.1513824506998071 -0.7897273014290002

1.6910271693093013 1.042606428100539
2.633251724871674 3.7872564204416075
0.5986803060389528 0.7188328416634281

1.5161209429630969 0.13315742454703808
0.9620866533731613 1.712011569363601
0.1084255465867723 -0.7075132474272845

1.9918800613661938 0.7220023709116726
0.3683252734853508 5.028811406083578
4.400067220778444 1.6322836347305136

1.289562477361061 -0.03563611310551454
1.6999373878992454 0.21680054155130898
1.0696543572974218 -0.42518050029023446

0.4941201739518161 1.3432775565380517
1.8180777015357426 1.2380223202546388
0.09324527768531371 -0.2266634152196769

1.2066231821469193 -0.01695432750161731
6.887651589394017 0.17766458124275822
-0.12717229805487199 -0.04199456540412677

0.6808407500036595 2.024723162286544
0.0603285227261372 0.4594287599843021
0.7723361900745109 -0.13184702909835513

1.055306232880458 0.28733758498127326
0.1975717325798173 0.006942681205535998
1.1240840950302562 -0.18576351474581745

1.4951273723803833 -0.2788772388359379
3.479123992383267 -0.5386453982939577
0.9559789178160719 0.2326732612711525

12.654035603801617 -4.568608324608615
-5.045479818364173 -7.135657777488831
-0.35219215544317956 1.6177141464227325

4.439581520665873 0.7877386690032673
0.010403239091403947 -5.743300350209499
-2.920683355389877 1.8287198534617048

1.9674239166910683 0.8618254871754725
0.2516074563214621 -0.18782631831912516
-0.3354353357837808 -0.1624480024375773

4.2816885295345015 2.853803266243804
-1.1845820779262355 1.2140725438068234
0.292282597403988 -0.31373690854003045

4.335086778658537 1.5173361023304868
0.26815258530458197 0.551687757274545
0.0646401106797872 -0.1790358329946552

2.132155525001141 -6.7987053922259975
0.6092207535851203 0.0776171602626537
0.795634954127009 -0.5262664828004011

0.58977115361604 0.08263377602977018
-7.079693908059975 -5.529824110393292
2.740719301209045 -3.132279574594408

0.5470626788940127 2.1864339587592325
4.177577196310438 -2.982605719323436
2.324773323499588 1.0729230954678335

5.101131231136175 2.7286697235934843
0.918153202163891 2.3080190151837683
0.9171063375022577 -0.6552422016535947

1.3611962254775973 3.8854936622552176
-1.5463406199179353 0.940296104610236
0.011714606942252924 0.01524465658783595

3.6920300450337566 1.2991705427726614
-2.676766412590902 -0.7057667404677745
0.2664426801591601 -1.02566135638138

5.602687666721337 -0.7027695566416465
3.9138577359605375 1.8000201694049098
1.1087040513680888 -0.6364246421960816

2.8078494714353934 0.7470371628922918
0.04426387103448667 -0.045577091656112324
0.6060458967662788 -0.3324826130710014

1.097668281715253 -0.014159357069012298
1.2040538781406775 0.3924046421348399
0.6636979032936234 -0.706045687668936

1.6645189188316671 2.031008772139749
0.4050191280007463 -0.09186350657859584
0.06461304408546659 -0.3426745875176518

10.528610518617741 1.8681872616007213
6.341380464332082 0.0800017362215327
0.3452756712042061 1.2155935501834936

0.2594844448657882 0.3341499965311352
1.887205134167581 1.339601111902102
-0.006695801988099293 -0.1646120786339012

0.749144806228694 0.12462031798714845
0.16937418418739586 0.07944020707229846
1.4033099926960142 -0.27574400017284384

-0.532929479399576 0.18087213100192265
3.3249041407075643 -0.879844320362413
0.6537351462467205 -0.7139856583626123

2.211984889959498 1.9633733982108375
-2.021447888328937 1.7780478762156797
1.0699134151812328 -0.9546467992603991

5.730907596307926 2.27218140915395
0.07287978525032829 0.9877937353924909
0.5586238332949836 -0.13976209341556328

2.14938254614724 -0.7740676688017781
0.20098380719177453 -0.026052032157747908
0.22735328882067943 0.17473304696782582

6.65936821608246 -0.11613569376164415
1.932491350082833 2.8916230462657904
0.292108335236358 1.3961856803526487

4.682264296160949 -0.018351363904184334
0.2258727051401218 -0.11958070445049995
0.7307959207351542 0.307737325804139

0.5781579510121329 3.252020895492429
-0.16208359992150315 0.252074306407251
0.9627712960735882 -0.7515693700058532

-2.3525540280002684 -6.208779423060585
3.0341111036499764 -0.7681168325694584
1.9640264818256647 -1.29540026772573

1.8338182470868867 -3.18842555925518
2.852317064996573 -0.00044857907134008076
1.0936482511001955 -0.35905493838789

1.9036977965725062 -5.693008968802486
6.846813297325762 0.30556355703879606
0.612656750188947 -0.6437189787555989

1.6578603341111227 -0.5236796668336793
1.75433352547332 -0.3408692068420391
1.1167708883953171 -0.5356360949045386

0.4898973641120666 0.16010963027584613
-0.031201534895772896 2.2266091305641074
0.7969897427561956 -1.3679590069731153

1.729188875098664 0.5022684315235099
0.5416175846165351 0.04634093353296938
0.24040698391171333 -0.3218773215513161

3.37343927418864 -5.988964560721271
0.681405671208846 0.8240694513470989
-1.552113242798583 0.49057140574331803

-0.03483550533557837 1.2615344240051016
1.813457811159242 3.919633059417362
0.45122320534708604 -0.7859676962141141

-0.2239216706090241 3.7410646765686844
-3.4826961850921037 -9.086032781191927
2.1484345653702066 0.09363859343076802

0.5723008613755964 0.28331309582558095
0.42444820827155283 0.19641674187115526
1.1697202674817098 -0.497309161446263

12.12984103075317 -0.7390279871195403
7.350946039070638 -2.0001108726030816
0.6908609825063433 1.390049859865751

-1.0255624683447906 0.11373973866857286
5.0771291099897775 -1.0212424894057182
1.343810176974976 0.5111237928690171

2.0212886261589618 2.5940502314199323
-1.4389133404887409 1.5584632853773828
1.137584145415945 -0.6023521579200182

-1.3060259673416355 0.6609659690736986
1.8771766917296835 6.464232238926153
1.620073863888656 0.5134600829023681

1.0280286006862682 -2.025600095433997
2.487074035061975 1.2908175181270807
1.4386399759955777 -0.4810926487182246

5.417700130861373 2.8270443266744496
-0.35891706591836514 1.5989195901087647
0.6678536838497261 -0.33341589261935956

0.30575523685016875 -2.751009496054396
1.3443173449134511 -0.1534720744895544
1.1171242585464924 -0.09287292907705576

6.1070536260113695 -6.937298138956295
-1.8640393268890878 -2.7076885820592063
0.5435040724498565 0.117294409800204

0.08654458658105543 -1.1087715767507431
4.144710406501546 -0.27113927899962587
0.397679087903659 -0.7221034521480815

-0.16175938598655748 -1.0783376235955016
3.6153629638644675 -1.8035365096907925
3.5568818986091957 0.36820211626617716

-0.14840211467381295 2.7239922127852165
0.14501813109386907 0.4401237628233068
0.9867019944274369 -0.2212150883400911

2.831390352242127 -0.29185908618929657
0.636110601306737 0.1588341822785923
0.6646899089080134 -0.2406065280949364

1.2045041567942187 0.2309363234162951
0.5510904139352879 -0.006538769909700512
-0.0030239025038699607 -0.3671447214502243

4.481508801158659 1.0033257726117852
0.45600885486245485 0.3006318397743383
1.0632624090718241 -0.14052820020808632

1.957614549519222 -3.33720420708066
5.219236636654697 -0.9065722109088098
2.9644721996289998 0.47740543483056685

-1.1397280395964202 3.0592481256704067
5.298261181244416 0.46944106257509893
4.135257044741048 6.742842298187774

1.095876632996249 0.502675887980409
0.100588774975002 0.049834622342491426
1.1622554630645061 -0.29228377676215916

-0.8800167734510637 -2.6291068084028035
-0.4517836086184034 8.34565724339722
-0.25276108103474487 1.6254473893998678

3.2708684254300397 -3.114009563860316
-0.6925717226145648 -0.242397772294935
0.5352653261796387 0.07025283989582463

4.227307589613581 1.8414069929939967
-0.2812289785607575 0.6664484539656329
0.8522842306375774 -0.5544593872503528

5.499759113511539 -8.311496308384519e-6
0.22036278191425646 -0.022460460463812316
0.8041210438003107 0.3898454940910954

0.0631276915840124 1.2726170372000052
2.303870909668608 0.6995699979737665
0.5865352920254527 -0.2984180334367864

2.9122085956463972 -0.021641442665807427
3.4138963117968886 -0.6118870132002322
3.487755636821562 -0.19760329210290425

-1.0284334833735134 -1.6354547953865828
-1.270613506198399 -3.6921455412661546
2.6930627280716823 -0.4257716944452398

0.5215660365046013 3.0550850809900783
2.032618051440238 -1.4167278206361937
4.4832359792226 0.18670124051777723

3.2624674719166546 -0.8912061382837418
0.46217881604057176 -0.06207220334352853
0.5660210094668396 0.005997936790886375

0.6506573981061743 3.215000699940867
-0.4259136903736505 0.42469153919648245
1.1406715797237843 -0.3386456252753838

4.073345688709202 -3.698832039145675
0.7748674508736619 -2.280688031134424
0.05642634624050863 -0.3943453250317169

1.9705429365726193 0.250246348897463
-7.668133993800481 -5.296397463312412
2.2931312320088337 -2.8845705259237975

1.0545164970871812 -0.18057428395114397
1.229570136928118 1.806836712704042
-0.04793806237141259 -0.8337617159451615

2.347741624034954 0.29319102816310116
-8.158610929393065 -5.700978400750754
3.708099262626676 -3.0356501603850172

6.341180487202117 1.2603336296048309
0.40382257684992096 0.32809946516615573
0.923517067687736 -0.31491568801800623

-1.8885949059632217 6.780637434528567
-2.322718078112163 0.6577923181995479
1.143097857933585 -0.09209783875668617

14.467459647391404 1.3094093792723256
-0.9513707911722613 10.663123711819049
2.8134385956095453 1.022602086691478

-0.46883876823903875 -11.13952698782321
9.58089566627583 -3.3203428141687983
7.312676722284618 -1.7355380079760108

4.912313636250664 -8.992975535243025
-1.9302714380127135 -1.50423343656562
0.13254835738198253 0.5778540166022585

0.3259049441390526 -1.9543416197185461
2.643754412031734 0.5844155438112637
4.6911700434264985 -3.9854073802950087

0.5542298216584931 0.0488320425029239
3.1517224841094356 -1.1838906972956786
3.653377418443446 -0.6713926125055512

-13.163571754162763 -1.089257266068186
2.6006509828738262 -21.017252137987533
2.5235974407247586 2.8229631302043074

-0.18484903539598793 1.2302739927220971
2.209305536181468 -0.5162136131585685
3.0264540733580514 -1.2368643751042028

0.6421267357068918 1.196200739058629
-8.113366439799558 -5.283194757360825
2.2573632219247473 -3.73767280998478

-2.550718123627742 2.436839225593402
3.2880188903940857 8.454089056004758
4.066570294182128 -0.08750713622083887

1.3024057996031466 0.05306806703122091
1.3721565245880019 4.165308282179278
1.8105909654009582 1.5381520916807867

2.6524902102476604 0.6746196104292501
6.6236545764906545 11.806112389994835
2.725957389384368 1.0907542870229932

-7.351395184362179 11.775084832474578
15.502379786831026 11.555907769836091
-0.023603512164760317 0.43232212436948164

-0.257631732780369 -1.0525843423737065
0.4683510430869488 6.073331747406263
2.3327630574870684 0.11227866060232335

0.9131648140868022 -2.107453386860023
-0.4214087268110477 4.946121549122729
2.397197552102685 0.45546370526691327

0.038747421583089664 -0.01015832560942277
1.871648633167755 -0.18986856624321605
0.4556332411054454 0.03884236455323664

1.32251495186583 0.21527718445811206
1.0820830011084617 4.692886413461282
1.6959712692181876 1.2795100262976964

1.524225555121414 -3.27587462942167
3.8408577275319895 -2.8511334840007088
0.7368128111375413 -0.12650035060807166

-1.6410608018094013 1.0430145458332731
1.0859151666289366 -7.346781270600855
-1.0029032597269223 -0.628501392378959

1.298741150580166 -0.03538547572035475
9.329468512772904 0.12323791691253608
3.1412679601118314 0.06281957193077822

0.6815528380835034 0.5214150318762506
-0.07686425105512436 0.6584215493409031
0.6631147467592924 -0.8660860797349922

1.593587406435774 0.22186143632502853
4.248384202311099 -0.6599872274279316
1.6057850262620612 0.010899028634247613

0.6219113537042431 0.05809287495331366
4.399636359747199 -0.7447343266030092
1.4256653155080408 0.3796565562595246

6.218874186201867 -4.986786133893211
1.7934768391197964 -0.18320147831812328
-3.621375063805612 -2.4562875045325625

2.4030396735792787 3.636761279603432
6.6447797852616155 -1.12861846316324
4.966409812797873 5.13244543391847

0.5986458705780896 -0.23298962025010828
0.24174682587009744 0.07363374015187618
1.2513304188788068 0.2345521179683946

-1.8502637536344233 3.2612056859402005
1.3037516724922509 -1.382106041523055
2.5475065830965655 -2.3716461629774956

4.481980208632484 0.020095559306856327
3.701327021881173 0.055950222792877084
-0.12403066977904044 -0.5245766202531619

0.21102182888390758 -2.1664390305440855
2.5911131960726954 0.07806689036247155
2.1164937939654074 -3.372047653802024

11.34109106842761 -0.2798175761862109
5.174348425231988 -2.7210629633899397
0.3933963357508613 0.7888633786574003

0.15958868354164552 -0.04512765539618961
-7.0328332998845156 -3.915758635789991
1.840997666097166 -2.8403104069843192

-2.6224670815801856 0.6933097669686135
-3.2752158821884647 2.3875086534667194
-2.269794960684218 -6.717351595401496

1.163821398750096 -9.078682475640905
2.5486072819758916 2.1716049400098982
2.406128209755832 -1.5917065977953058

1.3866317219713136 0.13857662634818108
1.589161577348411 -0.14985613644013504
0.10045048943480664 -0.013712771346756717

0.3600428349602013 -2.196536623722867
4.760291655450681 1.3034094381669867
2.333376225460315 -2.3115940387441523

9.55786518928299 -1.207773095194819
0.8304367507863482 -5.797143539292142
1.3978053230625485 2.2338619780623206

8.832360105881031 4.1021084037210676
0.30083886625398837 3.8264399623616416
-0.45210092833549426 -0.6297733503185944

5.911151195896766 0.24327452888902137
0.2459683173109728 0.10786967798218845
0.8011499735219607 0.4965649436645923

0.2596413438532135 -0.6912140611280383
2.315957274224149 -1.08220617216528
0.783756334562646 -0.20590205569408

0.15691934370995547 0.13228753141316432
1.5815283455168847 0.18284270663786045
0.8364876986270734 0.39688830505055794

0.9624659793803033 -2.807296875804256
3.7956403058050214 -3.420927840058133
0.5038152508252303 -0.27123374041536874

1.104937209260755 0.9077267328804488
1.144029779420901 -0.5204055001308592
0.7956952385911322 0.4620194667086809

4.761947031462654 -0.4304372836078276
4.58680043617133 -0.2732586268815387
2.1881949715458426 2.0383111615468694

1.9805392663313337 -5.303094614204474
1.512403332207454 -1.315021271177656
0.6368506984840244 -0.10613828722658675

-1.360122830050785 1.0120186264455775
1.8412177516941939 4.363948210815082
-0.12698334521365662 0.016228545706156835

0.3101433766751566 0.14421540486045487
0.06859166571321393 2.3039556385656317
0.7109241274353711 -1.198408221055856

0.18347697987033498 -7.160551959523709
-0.70082802151535 -0.3593880217631908
0.525699588936848 -2.977828727674429

-2.9427364152468902 -1.3567636257101567
-2.729362361449653 4.5184060634615815
-2.0475082833113323 -4.331901290373885

4.474137422042776 -11.509084184735064
-7.306860094780482 1.3521412277716005
-1.257234341451444 1.1330933348200156

8.255464314071869 -6.583718743397386
-3.038880112987569 -4.583519630368538
0.9475054125482634 0.8488903523269166

0.7613464763656766 -0.560670389583078
1.766158339764812 -5.582412226816134
-0.3993766638250379 1.776733883454835

0.9638990525462049 -3.356094383592427
5.09239982471387 -0.9019820004929817
-0.031427543462479106 -0.06291018000986177

-0.5198713245099823 3.0199558334178596
1.0402690851261398 0.2653352102651069
1.8465046513518684 0.6324231235840133

-6.943381847674192 1.3684422313317923
-2.4785157632842565 0.6817656167720985
0.7125674533528356 0.0014263087379173297

11.616624463847378 -0.29189549091795897
2.1681536208995142 1.804315881427655
1.0775967554672703 -2.942515828075221

11.547512243726695 20.012115549447167
-17.084295133016468 6.428826894945299
1.8368009148985793 -0.5138449191240998

10.803361755337612 -1.1215941977239465
3.9494336237221233 -1.0887535574394829
0.9286677451180354 -0.5767473426790592

-1.8160207683039333 -1.963317434161683
4.289644277043559 -2.7969157311120543
3.7615097759665796 0.8511262558037447

0.504870663163132 -0.13054294576192374
3.284738341630767 -1.2095668287910923
3.570151183715498 -0.5715673967171689

-1.6527251661003168 0.2987636157840706
4.342116384158512 -1.177754648336423
1.146910757521679 0.697470050089105

-2.154281761544878 -4.567501565610651
-2.018368151961828 0.04124317862936246
1.1212468546678387 0.16611129966425656

9.8198589570291 6.3192695436950235
10.253774957407867 -5.794922764573781
-0.00047173095690532143 0.0004066599916120761

-1.8651586423755622 -0.8886400577516864
-3.1127653077675594 -3.37156575948526
0.047927054124449975 -3.4371295174381564

-1.724615719022416 0.20637489646487134
1.4496413003067314 7.599881240677048
2.1408845785953985 2.0399212052012103

5.8371961875862155 6.946502286221796
-2.2927615990252344 1.9769297052178165
-0.6435513371616263 -0.5924991839476023

5.786383258432578 -5.1342014446673465
-0.8120527141714776 -1.611010573523065
-0.1333016832043877 0.5764603040721277

-2.4264144225026247 0.3648146182890656
7.997463144396868 -7.001825453400694
-0.6428436366626691 -3.1167509240347444

3.7377783583897126 2.3058080884679106
7.472942680850634 0.8996139484531321
1.1563293578988558 -0.09384004022477957

4.054062335359022 -6.398663608360862
-0.3649634987055128 -0.6700319648820278
0.851275707768062 -0.7606027584783885

2.3548421927503473 0.3685997979661308
4.6760512582308404 0.39805251210361836
0.8359678224527641 -0.02831339962121951

0.40953275917224125 -2.703791855757687
5.955348432875696 0.25451671306385065
0.4597374103517509 -0.7292798362080087

0.514193704452751 0.9902815239560852
-0.020955163360788814 0.5074482791432365
0.6069494311406824 -1.0329873905506235

5.312573855672225 -4.850088774764985
-0.7152829753308928 -3.8275814432225106
1.1339840325394885 -0.8467075244125697

1.1961983065155803 0.9042343601666546
1.122934920755581 1.3825432851157733
1.3352978589786348 -0.310640555459957

2.2387853488350795 -7.001670533155686
0.3183323931789357 -0.10529905109251253
0.9097134280810018 0.5077708870613938

10.955001916768795 -0.21321747330664473
5.102728902112234 2.1647887276642774
0.23842548790115345 -1.425880787480727

3.474284232408708 -4.236952463473118
2.9230323732574606 -1.8410291243169254
-1.624134397370685 0.9486923055597616

11.537715728092302 7.6329551002308405
-5.218800216440363 6.025797390901515
-1.8793496561264724 3.4313328481648893

1.3481504204053523 0.13529894439045795
3.459315302377906 -0.8589642630824876
3.1873837824143867 -0.2881107957766292

3.6988350516590907 -2.760870407491363
1.7745156936491695 -2.745626847252628
-0.18583731277466461 -0.27428874440736145

-0.10604089008309704 0.06754927677900929
2.668154490034123 2.488886076774329
-0.3753417070980654 -0.39280058002776824

1.5921635921820068 2.2520396630039228
0.24757267622497953 -0.5065372514355271
0.6355437548632679 0.42222991935637477

0.6704222645888226 -0.04205778725514276
0.4174807319828547 5.754171851790777
3.6570341825534425 1.4037554514972903

-7.054591356068455 0.5227619424202372
-2.6709419894689947 -0.08301568158532044
0.673206633322148 0.0018805743990332594

0.8918352971245364 1.7533811506209043
-0.07885071035603984 1.0489163724248862
0.7424469450329774 -0.8870359958981966

10.780303040085025 0.307256918538487
5.425714540311851 -0.8678514355979274
0.7328958283912131 1.0868039951711055

3.25293973378496 3.28314635669337
-0.7259026487397177 0.6141983872942327
0.42286576498426687 -0.3182633050591771

0.9644747802983511 -3.3470768805497837
-0.4313851261348218 0.36618370144988627
0.3260518856200294 -0.4097636153336622

4.688750314196428 0.39508030094921637
1.1693771828656565 0.18346886959414963
1.8592723878210868 -0.1771053039373458

0.19812861473003235 -0.9121369570263944
-0.8153107579942467 5.883201760910353
3.195935443628875 2.538661559923581

3.5355166361080856 -0.2596379136895577
0.4381397461304951 -2.71481704050202
0.9924152255237949 0.6595671470656964

0.9330760330627658 0.05272499251281865
1.9656805296553335 -1.159583900186126
0.6396676932940771 0.25588558534266426

-0.4648643933636482 1.9845790269662895
1.3177148165194368 6.258536940585438
3.3660035912520985 0.4319968651759641

1.2564088465000662 0.1669206638723356
1.4298400987744435 -0.1232943958658573
0.8612685206412855 0.5472578503644535

-1.5362187015909385 1.0626019185670637
-1.239690509371687 1.8774200563980321
2.4734987749754906 0.04733047908411882

-2.9218311817226605 -1.0954762225194952
-2.7351333761669028 0.6012497813357849
0.8378413558191083 0.3843745208172876

0.11441328033053232 0.09862807721071633
0.6623937439617296 0.4520058437114093
1.1801070068642165 0.2015796785288417

0.6641377900466516 1.3139077779991755
1.568852157386094 5.312571026594818
2.938249208842314 1.6088158142453959

-0.825825301449644 -1.765163500444684
4.3872690276950985 -1.119647177757194
1.4495375135809483 -1.5365008605603607

1.80081995695079 0.2042990090584124
1.231847598714017 4.494643583340787
1.4698149512958558 1.4496182077562292

11.284566735804747 4.21091603574942
3.9909871375364805 -5.066041770624525
-1.8001205188888727 4.764747183113788

4.835853774994242 0.24255680980413571
2.683542284772547 0.07452336842955572
0.20186608108106524 -0.4386850178180415

1.5003418074127761 0.05764345673149253
1.7235945913629487 -0.2547052567509813
0.020436393090151196 0.06727876896826943

2.1430222797344274 -4.443646119599421
-1.0448061497201755 3.9868645541152246
1.7336082801143327 0.40186949851255327

0.20825228562442388 0.023718805799876005
3.2320159208001717 -1.3552469388366974
2.842321257853015 -0.3945170636647336

14.150108035855844 4.380203482543676
-7.956925829098578 8.51942322198604
-0.28609633436634413 -1.911011551366738

1.238293127747909 -3.7487540239664563
4.835726633128258 -3.6074567795390853
0.8714742872063012 -0.03283669346406395

1.2133910416111942 -0.07830944586912145
1.3273567208123747 0.011540959738853341
1.158699613063538 0.39448789085088826

-0.5068334216898123 4.60420901679246
-2.2668173103573044 10.814091459915023
0.0010271188245780708 -1.0705401516607862

0.08910163814446707 0.17798058508520745
1.0110217880165584 -0.3404218413680055
0.016260496704979102 -0.12895627229692141

4.903995772344964 0.25850076527605215
4.039167375706224 0.48304994788946226
-0.1179465423217691 0.37540793848372334

-0.4633855817364736 1.1158955187579256
2.6797037985100225 3.6223141241168637
0.11103867527771079 -0.10248316194194305

2.736430770876717 4.557407764677652
-1.560133179071499 0.7966778627889759
0.30516535472547945 -0.018921082211772078

0.530085860729077 -1.5381251034874894
5.355929250491205 -0.4898682705609712
1.2738262403013683 0.025233577114032082

0.705639396359978 -2.9635430136724157
4.3525574993439164 -3.665138605065422
0.5698515465177455 -0.09247642709410987

-7.717818757428481 -0.22372652908925753
-2.8591546511513477 -0.11272268297590007
0.7112644002347991 -0.0006311413368428267

11.025125212158038 -0.08012702710470433
5.086675724376356 1.484980594844094
0.7725779880230094 -1.1834620230350743

-1.9813815890151878 -2.9453968766357352
-2.3957557774309852 7.152657112519187
3.014117108194428 3.9548200966489175

12.178080176847457 -0.3346695715548481
-5.516752470443911 -5.246525117386405
2.259273619428885 -4.90458636450116

0.35224464501343866 -0.0893136844692551
-6.838307567812055 -5.4622063868774955
2.6426402398558455 -3.0427037408968745

0.15895312097022413 0.20315440359504802
1.0072883852887948 5.789086877295387
2.8469940152672146 1.5027219383108583

-0.14167612256490572 1.3985014292332454
3.257638556144301 1.2231555257881888
0.4952716308861447 0.0945329063324461

11.459466802120545 -0.03775638756224994
3.919816475822796 1.1178789833472456
1.4460151200694722 -2.1180814767687215

-4.49368963115891 -0.39915881022995714
9.130177915376478 2.1467844384420824
0.9564738769701085 1.2564707355617468

0.3373480868325283 -0.32804761150042955
0.3645588951531224 5.8844605665672285
3.3061223660221963 1.371166755574224

2.5860949592079616 -8.132369350565217
-1.488260076964022 -0.9014015771455
1.374486360721668 -0.07564983441041416

-0.22933767762512802 -0.6681328054975906
-0.3474575939779739 0.7275282212267501
1.110410069290419 0.5184696819011935

5.8274397616747295 -7.0281164596179
-1.894740204786134 -1.8865006412529155
-0.11435779655764643 0.5937508638082803

8.794025966914463 11.524955364616345
-6.865204356232631 -4.372023718906189
3.4303177675628276 -0.07532985339090109

1.9907460057081725 -1.9718269120266918
0.3685629959811446 0.3300546381025056
0.7138803747791871 -0.5733033528104607

-1.3469131985212293 -0.9220380662075658
2.493608623709914 -7.5080715276104835
-0.66572265194858 -0.19243160061385986

-18.53331674999471 -0.4628208801564138
-1.1706554171683998 26.912786130456194
-14.56790032814038 -2.2612256900924157

10.990627891134325 -0.02843766732380977
6.221428618809358 1.7181236943382163
0.540580907000298 -0.7279187397414917

10.951321789270997 -0.1004203476105948
6.624023484678833 1.8062305830434906
0.47972628029194975 -0.6279422170563487

5.020292828353996 1.290562855903533
0.7445803244238849 -0.1862503463823504
0.8848808866106036 0.5430689589408889

0.0787605670814754 -0.0006510840572680562
1.092563141824641 0.882231258306461
0.5612690209441715 -0.7526391815245966

1.6251249374655885 5.196494585423872
-0.3882127897471774 -0.2346009178726049
0.7065728836360182 0.6976732370829412

2.889478371479988 0.84500631437888
0.5855120751186237 -0.013737690255870632
0.6810462815423839 0.05543829136550549

2.7506086277056507 14.454922161067513
-17.101299047075425 -3.7392214884796457
-3.1624312647355484 -4.7524861688696465

1.7135728345917332 4.247631100064053
-1.0533827166633531 -0.14469897094072653
0.7280974382926866 -0.21542505328348988

4.197676763168593 -0.39682979096399773
1.2228893213763794 -1.5816756573755382
1.4640182605532273 0.30456488730752795

-6.964052300182148 1.6820050839231135
-2.6552844170000336 0.5915663871135881
0.7351712261742741 -0.018982194058323566

3.944029052192256 -3.125913136020929
0.7716586817623472 -3.054037642244155
0.8007248103645057 0.6448784746488305

1.0911210149236519 0.2834327816367327
2.263451244582222 -0.2752030315956162
0.9481981043757286 0.48865269405050976

3.58581138485207 0.2998273911376946
0.3399793364097603 -0.015703983853632895
2.3048992896677896 -0.06870237123919286

-0.25195865274764034 1.1547074109459425
1.381797435341455 2.766178327989955
2.5724594613506997 0.05592162613761826

5.268911133410819 -0.4362924851487849
-0.07620430297162757 0.3445271000812003
2.5408979556268823 -0.43313194684349915

10.896728766338702 1.4219742918574176
3.912429127821819 1.3947445050689102
0.9158879224888212 0.571599448233605

7.665073380680327 -2.0413408106524855
0.08335319347602732 -4.979382259653164
-1.4911408840834786 1.2208138542368245

1.5367992842703184 0.00508177490363684
2.1874215764850446 0.2268215076607029
-0.15852382855420524 -0.07505776275076882

-11.03418044750787 -7.774877991909041
-39.94380810840541 11.847228069871973
0.03227503695626427 3.1626308509500802

0.18418628286112404 -0.008623225901258077
0.783731383573203 5.399756766444636
2.815886823340387 1.6340491649073516

14.662469337032821 0.2446788685255554
-6.4075190796108785 -12.722368451670834
2.633111084316897 -1.9472671832355635

-0.02326846614332209 0.03190902717237845
1.0880498573842876 0.40578102863887616
0.10324553463366397 -0.5131432266050474

12.004526567954212 -2.2714387785705625
1.781488160018729 -4.483358211067427
2.2437297774649423 -0.17678093024564778

5.301331880420148 0.4076690819872055
3.0351045679612967 0.2096871274916722
0.1069062433306252 0.4874585674032917

5.959889645310669 0.9750379671013573
1.0225917122926376 1.52009675414516
1.0101151078489008 -0.7059462921366838

4.681961987894844 0.6395490753655608
0.6337533063751394 0.2869569708249408
0.9661464449812349 -0.19370587838657066

-7.647964110075352e-5 0.037049067223058674
2.779103421496656 2.0904144574650583
-0.599195706076711 -0.7964392135499622

11.096158663501205 0.1422685483488276
5.155906822058609 0.442473526688477
0.9332366010038573 -0.8202609801214492

3.6702087383504773 6.555713793893407
-2.322812530303093 1.0902961193987766
0.5772894456128701 -0.04912199429417339

-1.0629965160567694 0.7058005427711449
-0.14391254312059384 0.09213999800699714
1.0704825714645005 0.7460112005363652

0.024851078988450494 0.025932859932368078
0.9584657174645017 5.889119496590061
2.9537286528383877 1.6276355917704661

11.203644229959407 0.16464266179954753
0.33525006052655554 3.462850575159723
0.5170606665388955 -2.101964220950645

3.5479129163801852 -4.8196789180474795
0.23077386252576718 -1.8216774657916475
1.3126170939118702 -0.07172535957849471

0.5943718343078167 -0.9558912548422568
0.07847192566149944 0.039336356894927954
1.1678197494514029 0.4255682369252189

0.2606432047831629 1.0124211006915937
2.25427253995181 1.5655214649697207
0.09003599250328682 -0.2159821690828958

0.025735683742930216 0.13083837991941522
0.09574516850691632 -0.07029388333695667
1.1171731715755822 -0.7216815121450391

1.0116629064784637 -0.37974937252242624
2.0195138607367173 -5.0340825298208625
0.4838987122666963 1.0757805686883248

3.0171659414970944 6.294191409125762
-0.019078702502655087 -0.014191094706385379
1.0594431570359817 1.279996329754336

4.806250347215767 -1.9128044482912205
1.020020172710339 -1.7672174648183598
0.9093073950362308 0.6231924117318163

2.558070303377286 1.4541826402295668
-0.10742093800207379 -0.09146871367344281
0.5700274520626014 -0.18244727469651364

23.266413387688964 34.3354102644199
119.47102257926052 -36.05257246641223
5.168852281507803 -0.7751146444476252

1.0291551935597716 3.855066838775164
-1.3741010665891091 0.3297074614685814
0.005339566682465928 -0.08457555451463511

1.4192239965125524 -1.8791994417097164
-1.2554263967507802 -0.1715357141578974
1.2900805303715814 0.6380431601532213

3.3653178601501086 -5.89599070801164
-0.12746670849859373 -1.6395145521355066
1.140678045709159 0.026440646239118785

0.13927914399944066 0.013637210239807863
4.18980008145537 -0.48594624398067926
3.0154463282536494 -0.13736848817314604

3.6881656400668543 -0.39593056250903136
0.8434331670888697 0.9258375866674221
1.9088236457766041 -0.5117498919809094

1.6100463773385456 0.018125849974567912
4.218673303826843 0.633444756003291
-0.7314719116764749 -0.15234067091272244

13.045112591965484 -10.413898078311435
28.845017191685958 1.8079986160852182
-0.874686754105769 0.35289454497258893

0.7565809082147079 0.40663413517737534
2.1794865717700094 -0.42218737961350683
0.9317728941031912 0.4680147920485333

5.945678231746056 0.7838683125089784
1.6523000804445038 1.2367905324253194
0.7541302296994628 -0.6001800980996242

0.03726043088724306 0.08312917919697105
-2.4749543708021258 2.7227159933500773
0.2773621154732684 -1.920914718618066

0.8479152341506389 1.4881106277634626
-0.06184168975075714 1.7919283029704258
0.938913370293126 -0.5940857718247755

2.9199078850496987 0.6793238040513722
0.2843837011804355 0.01697215422763426
0.671966871009735 0.5007442335148964

2.944221025554601 -0.17132288143098018
0.49804285937216713 -0.0878517659706696
0.5130756037964317 0.18247315139073475

0.1517661299412103 -0.07503612203943184
0.7520205281297748 5.858888089070114
2.671927620038917 1.370914070432311

5.1982864799314985 -0.11317496539013404
1.9439853317612017 -1.1406476180805842
0.8817872464561218 0.5882717762246044

6.097893910954627 -3.839352618117348
0.8355963935983539 -3.3278905493468143
0.9066620520442934 0.685178464375534

0.5719028612238153 -0.22774172763295164
0.650159351361673 0.3956905657702152
0.06641403168846297 -0.04253487543613528

0.8966366602277164 -0.5921129726463384
0.145287405944484 -0.10231116627932961
1.168514455865239 0.400251496585828

-0.27920550705358443 -0.4829963847732398
0.16068191770886403 0.09938844150412106
0.8891559870796636 0.43299091978993093

0.09182385132179488 0.06697192370570675
-6.304277340910446 -5.705380015073723
2.080683565471762 -2.8104223998751214

0.13532233310977201 -0.04039070631372981
0.6292888488856543 5.781708880307715
2.8031775255452245 1.656018019295088

0.5700282318258202 1.2864030057814886
2.836882617378447 0.4162938379847486
1.0162947430129587 0.4169808270239945

1.1434240875664656 0.6110750563164592
2.401131834287178 -0.5031229466303214
1.0249258315392986 0.43325084584301243

1.3852278874115698 0.3040012882153935
2.6412535939550175 -0.3692982297323951
0.9882570414192455 0.23088116637272035

-0.08198297105363993 -8.195336973902492
9.063725087676415 -6.917832532429194
-2.6148284634153587 -1.1426316849614389

0.5781091621557068 2.132006491840503
0.9480287357356576 -0.2718368852713879
0.85375393342496 0.5564571086716353

5.247620002912787 -3.6701745101870378
0.763072475034744 -3.3627455916673994
0.9903408852552352 0.6570860921264425

0.41231285485436187 -0.37801485515938227
0.5504285747054752 -0.06635884953277482
1.1030092044447999 0.496494362447551

1.0409578051498942 0.0651496511318784
0.05094251333664493 -0.0001932487398083882
1.3276753977536495 -0.04881642027182486

0.0005348296892125607 -0.12125381376610146
-0.7329977193408501 -0.8328599499921207
0.5679795965385013 1.1949585992806175

1.4346365580251665 0.4370038698643026
2.7039444140776157 -0.4680391821844285
0.988297967339982 0.2903613769710627

1.4274225107432088 -0.1274762661164113
2.8062284682165677 0.5650451172525508
0.9129481758061547 -0.22678419511664177

0.248495136177368 -0.058092606604485376
2.268614002150997 0.1714073400191053
0.5714991939260655 -0.24255723275828617

0.34272903367591084 0.054708169775693254
1.3361077470573848 -0.40817873206607147
0.9599605742209348 0.6163902048780162

0.16835088880606663 0.022079734731691225
2.6468275186318677 -0.9652499955611621
2.56828896176416 -0.34773938826345757

0.6741500084658555 -0.3627402966243457
0.2171039091223654 0.05133473555553778
1.2068189926869872 0.31862024586496795

0.9928644382256001 -0.06671516920810848
3.0165486882974037 0.21774817410624683
0.686468963695072 -0.11611513985445097

6.147051491000749 0.4991176308342558
0.7684505724733451 3.5925324323738703
2.05241277114969 1.2220874726685207

1.2771056550597626 -0.4549538961436894
2.532384657969061 0.5463606686370179
0.990861414847085 -0.3645212584005712

3.9360941542094587 2.4238404293002356
-0.220424041219876 1.0140869267260193
0.8451238328696286 0.707628878143863

-8.770439462357366 1.2328631353003725
-6.525882034679506 -18.588868792905853
-0.1455125431209509 0.9517792669611693

1.6305535431290648 1.0990599661803355
4.656788246003718 0.6197139172915607
1.1942238202752795 -1.129841403137994

5.599137246336397 -0.20891765515180996
1.3391558469489107 -3.428681186671734
0.6553231674981922 1.3660671640464777

0.30191537324157675 0.13937973962394437
0.31930206754812096 -0.1484520865506016
1.5484675676755038 -0.12258423562106265

11.035030277575236 8.588135367964615
12.635341004378104 -6.931838541575512
1.1522408287840793 0.45537370091871476

0.628764979896907 -0.474307492140168
0.28423320078398007 5.853951783634235
3.532841226037235 1.1426325804692108

8.728181198728727 2.5746921738271302
-8.358738362598116 -5.901437529133688
4.3739766304073235 -3.5877621600023764

10.607890699749001 0.5250775394979411
-3.5356637414593486 -4.893540420982067
1.4272508297088624 -2.917816719294446

-1.3530192686779179 -1.2480070596666746
2.817855697345887 -8.09342454831842
-0.2553805154160299 0.9667179044438199

0.3911766421329825 -5.156347175549994
-1.166219619322982 -0.1024080774388799
0.48155991928983627 -2.167561747109197

5.998322836320732 -9.2039462251342
18.704573312814627 -10.80702147736681
1.7636471127383735 -1.3710428306969493

-0.7213144605538458 4.757137504586654
1.7510279354932674 -3.499670629024385
1.6497807362702177 0.560521326559688

6.1744406310753535 12.32261322117762
-4.836678618466003 -5.267671019552596
2.8979442490640523 0.2782215290345344

1.1980215585500402 0.42581971710513866
0.8113964366026143 5.051070864966212
2.9223343489435316 1.4978498255993216

5.950257553318997 -2.3007054228537136
-8.007837444084002 -5.182869378942411
4.023300832501452 -2.8632733808052104

-0.3768074049285677 1.2559412681166082
2.2185833184817323 0.2135899921362731
0.7316650048394066 -0.6593753054461478

-9.0570234105908 2.537923319411708
6.137657746341124 13.242422167470327
1.419868240540344 0.008116845842939228

7.620741965120543 5.038173828444256
-2.1150580201955878 2.7867268894150743
1.0329531544674861 -0.7768857224029412

-1.803672019224155 -0.16787896285283704
-1.5257804054881303 5.707864728325598
-0.40312749173542717 -0.25640613502785387

0.7137824055884451 0.6665015057657786
1.7456349882885032 2.7250005572230944
0.8152372115165951 -0.5124747194647572

11.469077266218118 9.83712491923135
29.6973593398898 -0.4834583785410985
-1.085002061739433 -0.3380949091679829

0.2938050392644633 2.1570560487140673
3.1139146212622584 2.7487684401193997
0.8773544227731807 0.08266035586588966

4.360627712691543 10.19236122286274
1.0423498003895098 -3.0037725248716076
2.917419639525139 1.3475281020104017

5.681814772793269 2.6648383852449005
-0.7773632356692782 0.5523091765147049
2.0766246392861802 -0.20840961708715053

3.576241178372148 -0.8998262849739731
0.1675488672661057 3.9756963143726605
3.275548409306742 0.9835893030449924

2.361741611959852 -7.272316030659128
8.978164746530023 0.8218884397782384
1.2675538014552392 0.5276743725117218

2.3657054086629965 -1.3271999430252948
1.6754680051432396 -3.3340837834868653
0.7596696026046437 0.6989254892403935

-4.222701320613116 12.07508635189527
-9.016757810639373 -9.50974266422622
-0.7080811091394463 -0.09236111515685608

-1.616936857952256 3.807893463832827
9.630392881439569 -0.6851874649002905
1.486949441358038 -0.812398900789507

-2.401522065579827 -0.11077466884963072
-4.1918512880967285 1.772856334957682
0.2787764446172972 -0.5841718081142656

1.9736031786771542 4.117161033557069
6.251117196477102 4.028514446171073
0.6809278218977857 -0.07163724018664608

-0.548866846700846 -2.6014147423928744
10.131838168059195 0.8557668126368962
1.7620975941110688 0.8079982295072652

0.0098072581967489 -0.718159510062967
2.0793381052031976 -2.6271791830029696
0.42702571075376156 0.2915125692052673

7.235301393476678 9.582523399187538
-0.5166150148450793 -2.150612567964028
3.5022078944228348 1.0994273723260723

40.43199119370351 8.063100746057918
47.95822467086477 -92.76376321279449
-2.5311523157346136 2.5758081393092027

-1.2883746376585068 -2.240361493732611
10.309583395309561 -0.015672518190161914
1.7971635612374073 0.8604073474014279

0.8130647975323727 -1.5082721764096545
3.5768711445931833 -2.57352296825206
0.6798207542339276 0.15098785537426282

14.498188779696068 4.933841327847913
-7.724958194224334 -2.207435657598547
4.657604518118887 -3.9134212549285685

-0.5882159023706744 0.15696942109398257
3.8955201482233033 -0.9656848468538103
1.2408829240426285 0.589565825339416

0.48501208374214716 0.06116106847952558
1.0265587229234379 -5.941412504295195
-0.6512207679903725 1.5272079162559098

-2.254326103081335 2.6050351212458134
2.155263387404168 -1.721640654640689
2.020563465481252 0.04963217351104741

0.0981292685957382 -0.16710283173756107
0.9782638358327769 -0.0005017077873711611
0.030526335482682205 0.2942762419460428

2.0921811372502463 -4.5701745666437334
2.471369681243891 -2.1777832633856535
0.42728014889686516 0.0834743713339804

0.23789214432039224 0.0028712703748432935
0.8219881405571594 -6.1137925715468
-0.7174715840859757 1.6929755978836236

0.26461400162811266 -0.0394507545621807
0.6541805512048404 0.08245798102094226
1.2246184996843041 -0.5917868112964969

-1.9687397178598558 -3.497144850794953
5.097007465533495 -7.378188690541141
0.12708281829110982 -0.8651595782337653

7.9944418615949 -11.611837179943535
10.142993915655381 2.173365392601256
-6.528358248795613 -0.736601145864896

1.8540089996852842 -0.9449882726698929
1.8293016740122727 -5.0206896183125425
-0.40096231790543463 0.9447971854080025

1.7812954374694585 0.0531485582726557
0.5714451501775002 -5.891358025200796
-1.9742098878978942 1.663607706333773

1.7668094541717578 0.11071423817020455
0.6532575814999035 -5.872553881565109
-1.9057360940795993 1.3834636610900484

1.1448278195865893 -4.269690321682184
6.0061353440050285 -1.4898750777346879
1.055464967292558 0.20813183366773738

0.8024533153285516 0.17350993508907134
0.9247674157973164 -5.0327688804026955
0.5454606598751607 1.6173799044059816

0.009594060582312734 4.1542776818135225
1.5190567286862886 -1.653290503354641
1.3876467933375765 0.7643531255969812

0.41733374113536603 1.6045499634547533
1.538335451876932 0.2196531665585792
0.3873924092025885 -0.2795639253471908

0.7475489667023609 -0.008245088273500081
-6.9638778338871745 -5.201911136591311
3.062333807925097 -2.8360325067091487

0.5403139714621588 2.2961934400167845
-0.540316197845919 0.048589257741732776
1.1902168051166622 -0.22557765361938129

-1.9640945238898078 -0.5862562725425421
-1.9918441413483667 -0.9081576296623122
2.3381146744866244 -0.07851494179162055

-0.0682805280963175 0.0844562590502583
1.3452325256301805 -0.7097431584071036
0.16151933771169455 0.051129282255093375

5.2354679500255115 1.2166400933735264
1.0961798136014163 0.570743489831178
1.6596240290097093 0.027222068016976124

1.1936675597414395 3.581731071839273
0.034861163372946646 -0.3636697812119683
0.6712401188420576 0.49177187218143187

0.059545073297257 -0.01947351597425394
-6.362955695759979 -4.206353646163837
1.9542685169071552 -2.723794982127749

3.2990226877827604 -0.1781122972106036
6.474789290600561 1.1045746096297382
0.48030255716782455 -0.27819402355818174

-0.31900075637501046 0.05293114765955103
1.7787021430335976 2.105992772559286
-0.09980071531184369 -0.16063438859470863

2.5775428070262154 -1.0754187178244468
0.7277698282201556 -0.046577890046002005
1.6131818782276925 0.27118845934198055

2.8117370641275548 -1.6243493669239206
1.5946258189840543 -2.9999693903303504
0.9904333343460713 0.2740326011502486

-0.9874611612767138 0.1482620607874352
3.467797709669288 -0.5512674399729811
0.5681533799764918 -1.0635942880424512

1.6435201122785175 -0.12166917964803857
1.3970682049988703 -5.026047832109577
-0.5037809278935131 1.3831931908423907

4.781683429992561 0.4808100424538785
4.202523288295731 -0.23203666515028473
0.23595878938120207 0.2563510010833424

-8.559929089710224 -12.658035919875308
15.644787195573755 -13.440624273541316
-0.017824348394618987 -0.36554043895889

0.8035823467482782 0.0163600803919895
1.2333910243198465 -5.132382704062987
0.4203477039054931 1.4855723031562666

0.022594956127043455 -0.06104604605213749
0.7163694170642116 -6.464362938989906
-0.7885815561728712 1.8704547732780306

-10.361635810142507 -3.0123027008224055
5.788227408763458 -15.192734620190949
1.4064065915077733 -0.09381812134019585

0.7742404587855031 -3.345108493563768
5.390657161149704 -2.363573236957387
1.0223810260334616 0.25579108587622135

4.4027777163538016 2.2042954337304255
0.1383557429292382 -2.5450107273024636
1.940488005158974 1.1357528009768085

13.178077229876093 1.646666222965222
1.576061626774222 5.991797297088809
1.7975492311521506 -2.7178524091294234

0.17847070755808833 -5.742893256942681e-6
30.250580755146334 -0.12300069106770885
6.595650062894482 -0.011290164121075474

1.3486558595413671 0.004096966014277525
3.5606121400016044 0.958655932794857
-0.688973166818979 -0.30004000299222916

0.7569536242060259 -0.0015647497582100772
3.4069693135719348 -1.0899637103550286
3.9956932571149144 -0.29720082173384715

1.6910640255238958 -0.05765443844662342
0.36985946724577135 -5.960503751980444
-2.0340838079688064 1.6667168761977487

10.75644208613863 0.587740337231924
1.4469073981347917 -6.32799840631228
-0.4140058751388865 3.000646702402008

0.8053244743819841 -0.040289679736518556
-6.895145277719993 -5.148150679936965
3.1395256899555015 -2.839208945103325

-1.4038211313294215 1.4865554802599619
-1.1822692121300298 1.1010802506555697
2.081322082251953 -0.15512946513193507

3.941506526583629 -0.0485238584611631
1.9102074186957188 -2.512100935620993
1.4240247186213495 0.7906259900264261

6.277564408706067 0.33948226484771205
1.5889348979394622 0.3886150105939266
1.7181886763409295 0.17535221247986577

0.01824076356057714 -0.0022461902092193405
4.548050215652471 -0.6548970702767227
3.2038003348127555 -0.15931783567029487

4.366385147703146 0.03908165319115935
4.368730008003016 0.05096936310616539
0.35691400860847905 -0.3212847381620548

-1.4017556211981863 -3.062597678322242
6.426045886296647 -0.9203096681950141
0.4868604744186636 -0.8306336778703985

0.049297373640973925 4.62146812854409
-1.6845585699156513 0.8886822036292227
-0.18259274762984043 0.2050519039524733

0.7590321270054328 -0.0026002085677894566
0.45023285063072854 5.75759777120502
3.8989275357969224 1.6418824609416296

0.7856404557786696 -0.0041611621489690545
3.4130774302400613 -1.1103646976237427
4.046714451196288 -0.304051646064291

4.068412194469397 0.5334524249931581
1.4498291555351395 0.011586932805125476
1.6084301658120093 0.036379678666905925

0.006888825070085731 -0.001110278603379137
1.8486446562346244 -0.556747001462106
2.3923556955656133 -0.22274620196127545

4.083573802750187 0.24795855364761826
1.5044417082195383 -0.04407432461709825
1.65018282504614 -0.02851216247078714

0.7923051255087904 0.02369279067401616
0.4581309495339479 5.753757618314775
3.956201320975322 1.6671216730416658

8.175449553067885 -6.459828831260147
-0.5468554642258889 -1.07287692073389
2.842137786830324 -0.8433637629260459

2.47771549433103 -9.09521477836408
-0.4730350478725022 -0.17640841204610264
1.2183013009319728 -3.046360860102539

4.685678508138397 22.11196024260669
26.152218713167212 -0.37762467213240813
0.5900986201061513 0.2411374928542129

-2.045988564629152 -0.5048825018415933
-2.447006272914433 -6.641687113779951
-2.39050013264731 6.246442066116212

-1.5310635561663337 -0.5707923651066662
-1.5011853735320189 -0.24972465633623023
2.05978609520841 0.006906698757588635

-0.18201561393614998 0.37492854695254524
1.6951071932142967 1.9171125347928297
-0.6421169661433687 -1.6272326797071959

1.6717610477684044 0.032546145490496184
0.6868941394878794 -5.846434674282351
-1.9084897586510987 1.6347373116152726

10.632274627266622 5.771124286497131
-0.7590549381503331 2.7141111106178504
1.7866078072007512 0.3352576463989864

7.700370393988771 0.414035315841691
1.3565825038660921 0.1727347318500275
1.1701082625966657 0.009237702932982025

14.188950841366534 -4.4199589779404915
-1.7877544993709102 -9.485441715846411
2.293877915066115 2.0775338545798117

-3.53842755503464 -12.991567309750888
-28.089788270422584 6.322928804478494
1.0461521771319324 2.1511605156845075

-10.491319056520709 3.8168302835720245
6.328318251652594 15.66170635117953
3.4017360810401867 -3.0813467525103957

6.477731780164254 0.4868771189543525
-0.13330362340887023 -0.006693039720071501
2.7432628032596225 -0.025978004492755096

0.15174787980731497 0.5103765291608728
-0.24789101026145838 -0.3846988622682444
1.166517315733989 -0.5236141740337952

-1.622014312995416 3.101378640359815
-3.414137642951694 4.545840831390826
2.3065386349362207 0.5778739629874803

1.0034208760089165 -3.08144023572655
4.735382971733576 -0.13323453134256039
1.057365105147069 -0.5496497647721192

6.248502948474198 0.20679474776497173
1.609195981332176 -0.38833784282063194
1.7511151233761306 -0.20666614399422145

5.18172196371622 0.29769192966473623
3.6601571405995905 -1.9454201252510115
1.1544918045837282 0.6365152413961184

-3.4465480745766657 -14.35880103687717
-27.009749204425724 7.974659625588054
1.3140189697859421 1.9082122125667649

-64.08178929786074 -2.357351160674672
1.8049529843708403 68.51815883392041
1.8876454847035065 -0.5345675115744355

3.2427457734592777 -6.464091121429561
-0.6400630902220821 1.5352599335461552
1.6921535783497395 -0.42074601831749076

10.441241089069884 -4.725920281377763
-0.17433970903027565 -2.5762956745762615
1.801687764652763 -0.32305767715524086

4.652717850423235 0.22722050599020174
3.9975508129580937 -0.09586513695478532
2.7121250800273664 -0.16206046242628705

0.04059964343373636 -0.025309799165229085
1.0314069745049648 -6.2686597121013605
-0.7246293662612735 1.6041824636628772

0.46886644314883463 0.48381850267315846
-0.06785354672198175 -0.2289774621755136
1.2920523625242206 -0.31753745779791026

0.053020195224940496 -0.12388729176794229
0.26495723680732103 0.29670831711925455
1.3977576445601136 0.3382382444371137

2.500663448305884 -4.272189910654938
1.6726168199576448 -2.075729756815406
1.9157591307406245 0.05318525922487904

3.035395282602823 0.39632745033534295
1.1745677690737297 0.23948762589682385
1.7952988784698893 -0.12998445282524204

0.04095328871159826 0.06532210637411938
0.36334754311285655 -0.27004574505845463
1.5132617767768695 -0.2764176032956848

0.23028965022392295 0.15195952048557565
0.054381625639241156 -0.12638099332963518
1.1297936344675523 -0.21754517947829238

3.1791464988418117 -1.7338903202162834
7.129693953608519 -1.3256882725769603
1.167434545203038 -0.02775931325990533

-2.6331560111085386 0.4990937050180762
-1.5415096007123834 -5.3807698576410425
-1.050606469793121 -6.284911158711088

12.979924682779425 -21.250089091780676
-17.49592256910895 -8.855655807439634
1.7319127204294469 0.4865521603043739

-3.5760035575186366 -18.090001281054143
20.103359545118856 -9.845884075744763
-1.4597760317506243 -3.864934370953579

-6.097690477816363 46.76699790343169
50.878902517887006 10.53833276390516
0.30664556079454064 1.0711750913781906

3.6231165902723346 0.6825197314684252
2.928395599373521 -0.8521656763955076
4.739020932704491 -0.3060641555788121

4.016826166236403 0.019024333184977274
3.3607760442215158 -0.42712836326685344
3.957420697917617 -0.35620407278599603

-127.62840334975856 40.012619596224866
44.057975172998226 131.99224312406906
2.0433254078152125 -1.1731760556908681

16.188388640602636 -1.9142405279571755
6.618021607102779 -8.015961617564525
0.6965483680502647 0.6818814773882582

3.866770558944096 3.348398423992344
0.34262537003251525 2.8651133949757903
4.532017877836906 1.2867829768521422

1.3659176583943016 -3.738080442679514
3.7094330539176528 -1.6599294535564837
1.0089437498784795 -0.47502584236537343

0.7650067747305463 0.010094899798817983
0.03586006702911571 -0.4172682570628066
2.588983074218841 -0.4076134117467045

0.45181701398715035 2.6160546903876787
0.9823735209880703 1.337334807631914
-0.5437933036308148 -0.15236565542963024

4.7479168384992105 -0.07440133883553995
3.4618531085619035 -0.5807177585361042
4.194523611445302 -0.0862478259906752

1.3199473940985924 -2.957918439426422
3.400235344602198 -3.321621316411937
0.7663222810266617 -0.3738712555898516

6.813064133195135 2.295753231371078
-0.8707838235215942 4.625480920384262
4.574131635702181 1.3770613314286324

0.7040850824562143 -0.04368027555665511
-0.27811825806347773 0.4198765632373858
1.759297157025347 -0.7888331509412629

0.7547833432642598 -0.005288304606772803
0.24807228762829997 -0.17661467598497907
2.63294076415747 -0.18455531627525554

-1.5629477240288183 -1.315136482249008
2.7858668954828354 -7.791061741744823
-0.5630868355420743 -0.0350925258756926

-0.34549120056222205 6.826167325532498
0.2166019638939154 4.105416264186978
-1.0891365725819855 0.6075145354164107

1.1280885542821881 -0.3307953472073083
2.4176816650426916 0.29488315605039905
0.962713299573959 -0.40243476410921514

3.0446235806423068 -9.206967854425102
-0.5592880099298377 -0.9828647948395436
4.554686369841142 -1.5988644042606543

1.5174464944570756 1.9019318638557532
2.800587180649928 -0.6959977501708999
1.1819413969051589 0.4607659989443983

4.684507852606163 0.09247023313550985
4.273697770427382 0.019024999133954463
1.904763602714762 -0.286054432745447

0.01667218144431563 -0.20039963125705423
1.5178762462991149 -6.374665918576688
-0.5202008475934844 1.3669359445707814

0.5757903373332645 -0.005617455007265817
2.629035915393996 0.0033762857985693093
0.7572629478877256 -0.01133910684841711

1.0900369528529736 -3.8861811890675058
4.681732696577099 -2.3971423002163155
0.08766896524452926 -0.16428921033972582

1.5930826060562657 -0.0016379316414909244
1.403235091937064 0.0011380246381750274
-0.0009064312679719588 0.00173347963054669

6.473985230841409 0.860623143950207
2.146028705036279 2.0638057026358965
0.8594771146039507 -0.6048650368440527

0.5318206903561639 0.9104479500235998
0.06925999577677715 -0.049079996364505614
1.1906213608525233 -0.43445015109886204

1.374690935826314 0.07618069875649068
0.008527837417743338 -0.0005110434776033833
1.2745316704728573 -0.03347055067216013

1.3976742835898701 0.05047309550952476
0.024081504476040894 0.010536385158825419
1.1579005340978281 -0.030795431824766968

3.2603308479082433 -2.0141355060949304
-0.8764648783188641 0.16100393669908275
1.8776345079526762 0.5090920876069195

10.041765846980338 0.9766280963192574
1.0699587652626892 3.7842822341361018
1.6978185653707185 -1.9890226500841228

2.4744457116120344 -4.460066058309968
6.81807849508448 -3.9741283131490808
0.6819628377380557 0.06495013958402543

2.9588589168299184 -1.4391315802884632
5.365981340018863 0.10344452861283696
0.2886317437957765 0.23117757063804142

1.2968123674666627 0.059890126506106395
0.28908044229243157 -0.0007714328188074379
1.8967175852294749 -0.03878933946081518

4.8135792009005876 0.13846428956637838
4.04500114517826 0.17914392220105863
1.0798142222299258 0.15148138220627846

4.7177250896147465 0.02740958975243554
3.989949829549727 0.053960009423748644
1.0814414355233264 -0.21917377004907762

11.582621794799469 0.4904982079404039
5.136042920851552 3.0736779544306216
0.37986992058738284 -0.7317156924102567

0.8518691542124501 -0.04701902526796477
0.4304795501118665 0.003163669429880823
1.0996983467202768 0.04901790532780548

1.550851917257952 -0.0011380719178426203
1.6541657454835172 0.0002009204228147216
-0.0030424872627574785 0.000999292789316065

4.88564347154323 0.31635221485012127
4.372370426068941 -0.1630750876847682
1.186122325809075 0.8791603617715597

7.067055852519914 -1.754118361136837
2.682901349799931 -0.6900681054695859
4.792263019446645 0.10001651402212816

0.4780220321916372 0.6458627767406653
1.8666162538205575 0.1547171045888393
1.0742261307432426 0.47676880895919826

1.9218564905741296 1.4659088528488344
6.222886869452071 -0.5717761464105008
0.3501852124941516 0.45596275429417804

0.7758745718241448 0.03865441083961925
0.1023178689315317 0.03707542944817039
1.5360985739839588 -0.12887958771441352

3.2590542027114227 0.04160690108369629
5.469850064593555 0.21577586214645275
0.7205894585394101 0.03420002659961923

2.583593598185529 0.7442305685881349
5.4593395543004295 0.3716637231249835
0.8807982079325404 -0.15463136635867683

0.30731762909560034 2.132896740021486
-1.4886696719793844 -3.278972871411226
1.3434156652705935 4.1838564309496675

1.5433026536343242 1.2462305311815194
-0.46699811825493653 0.3120869454714537
1.1713404077794844 -0.47519262610186996

1.481353046474704 0.016358404525540552
1.4732619499949693 0.003666175701560496
0.03525855765664698 -0.0037446621298744243

1.3849516554135324 0.009090863331499714
1.567879336292218 0.013195126108796989
0.0004812082283039937 -0.0015186314938757217

0.32808338329056264 -0.04426290644479879
1.3544740903449277 0.4179801511280463
0.934486701554266 -0.6200502633662789

2.1533435243461954 -0.03443401989872672
2.334949541875892 0.028498825775296825
1.2569965389924644 -0.015867580543640725

2.621523451586885 0.8633498201602421
5.445272798211923 0.4966221853564564
0.7684073793290956 -0.18792664575065993

0.011483774386459327 -1.0819412798032408
-0.6298364134567813 0.5077116899298257
1.1585132802194846 0.46862794875304525

3.915288837891678 0.9151999126079979
6.620648583705897 -0.7923835984740052
0.540363796159582 0.3300722156075993

4.5770041536693515 0.043580062295456905
4.114402641241475 0.05608813231934509
0.844061092644429 -0.49387717878240533

2.9761556870602663 0.6773372727758912
5.473898496756102 0.5490611979383215
0.7433082855320866 -0.05562766784003327

3.504134657907845 0.2912919885342239
5.531708560937481 0.11519010318601361
0.7673693581044945 -0.07367757687384831
