14

6.598684461411402 0.0
3.8125347730345602 0.0
-10.239066542948834 0.0

2.723901519247969 0.0
3.834853810381905 0.0
11.091607379937933 0.0

0.3131533597450699 0.0
0.7519873102434265 0.0
0.7626445701234762 0.0

-0.34680353102902084 0.0
5.634861786872042 0.0
2.579458246646152 0.0

1.5578455366089328 0.0
4.564424498303169 0.0
-1.667448075445607 0.0

0.6839271832765602 0.0
1.5644856972984096 0.0
0.48589857240574863 0.0

1.0814603674798244 0.0
4.654517031500066 0.0
2.3459586057110227 0.0

0.9093363922051021 0.0
4.6696916460779 0.0
-2.441167258373053 0.0

4.559157833266693 0.0
4.230977215188955 0.0
2.593812516441826 0.0

4.770251845384412 0.0
4.389077270468424 0.0
1.8820799604365182 0.0

1.501588477860935 0.0
0.08216114937107521 0.0
0.3548994325035272 0.0

1.090888350327552 0.0
5.2230576469384085 0.0
-0.8380350397856123 0.0

4.299439173757048 0.0
4.219743601535933 0.0
-1.3680811549846126 0.0

1.098792435860266 0.0
4.749108238005328 0.0
-1.6041651400562242 0.0
