25

0.5708317063837168 0.37631096869461106
0.004914317628708601 -0.17193139623488396

2.787345719641248 2.680676652779378
-0.06975799931500408 -3.9089045824701745

3.727961818559468 0.01697611135768906
-4.0465739152909865 -0.06562387586444236

-1.6945741368234173 2.4684538111003285
-1.2881608417707135 -2.7075150601478297

7.083888165378776 -0.266821081354337
2.818893581331454 -0.7261723053386427

4.082807878635131 -1.4172816574438396
4.28038961271493 -2.6907466986832462

0.8434516412011809 1.3521931442369604
0.35652917573184334 -0.6507240756127521

3.123099416997742 -2.913124367073599
-0.11901303465457498 4.361352221419462

6.792083576981495 -4.487109837995907
-5.514379150254679 1.50636728158041

0.7101815665636075 -1.3201242841260254
0.3503292281917019 0.34190293581715286

-1.4905300039645892 0.0010960841611655585
-0.406527007509031 -0.12404113354396815

-4.271997700719986 -5.227230731416771
-2.3137790071397615 11.580236538083824

6.725317654750502 0.3539178491401423
2.842957063858611 1.2361769634665645

3.080829621287985 -0.17834123716449898
3.0833499950415084 -0.17763219821490447

-1.3323297357227262 -2.3527043424862515
-1.3725761926581885 2.312121065079361

1.0715048735299555 -8.29494339908073
-4.320097184257078 3.638874865826979

-2.091334992521246 -3.7286653626704522
2.234756205728624 -3.7958665558326423

6.008382350312285 2.54267491510104
4.865210378570068 0.9861595258176914

-1.918336475818198 3.5140580248394957
2.177281915073339 3.5819103275047373

4.289944591539544 1.609848306943565
4.2341556482426626 3.0455456200947464

-2.868927724406215 -6.892979495990465
9.734976537621996 -9.709556058904784

-4.262281911311129 5.09792244151258
-2.3191317674686434 -11.16255368864145

-2.8656485640448164 6.919276665241717
9.732544988593673 10.090868056242648

6.037352663408971 -1.780789797478731
4.869812038471888 -0.7849513825526601

4.443195962480525 8.973084208959646
-5.386903004150682 -3.297514331214452
