18

-2.3487616496527837 -1.2126440116296562
0.46580487562169137 -2.657871907716595

2.4371856540325942 2.244355877709719e-16
-2.2717268193531894 -2.378348123827691e-16

-0.28230858055366703 1.0680309745477459
-0.234663245659866 -0.722149912721534

7.101590786142187 1.3513863163254125e-18
2.953603169718478 -6.039381380798866e-18

4.019787020092979 5.304971403998818e-16
6.084263818844872 -1.9423079061457763e-16

-1.3456186840639333 5.81298830461668
8.596852010830387 -1.590586294989122

3.0889765382006242 7.451133081674625e-16
-7.38755333409939 -5.00017081188722e-16

11.714732222732145 -6.95026355331336e-16
-8.80598485195257 2.7507783491111827e-16

-0.28230858055366725 -1.0680309745477463
-0.23466324565986632 0.722149912721534

-1.273130384951729 -4.246217276229703
-7.989906304124034 -0.6219268071977532

-1.2731303849517313 4.246217276229704
-7.989906304124033 0.6219268071977507

1.9070453338718563 6.304273129769725e-16
1.9641938022698313 6.721019737896237e-16

-14.199776358335187 -0.6774813349662323
-4.584160096697301 -1.5425115709204007

-12.706995219944494 6.261489583922359e-16
9.59761685949804 -1.1633797333516594e-15

-1.3456186840639335 -5.812988304616678
8.596852010830387 1.5905862949891187

-2.348761649652784 1.2126440116296555
0.4658048756216909 2.6578719077165953

-14.199776358335184 0.677481334966231
-4.584160096697287 1.5425115709203963

6.670202313320026 -2.502280712169977e-16
5.357732875132146 -1.0407844338937551e-16
