7

-0.14638445714501086 0.9868325374736352
0.8892075135737947 -0.6168780650631555

12.904783352396073 0.07734448133904143
1.8042488711914288 -0.0986099827127251

5.082152672688395 4.169923712278211
3.1710610640426706 7.720358155389398

-4.169183612582567 5.111449036471287
-5.332888549484231 -16.402326671238338

12.0361284174375 2.791216817309472
-3.2360872109982113 0.823610531710705

4.299139682273278 -5.051061260065087
5.174741143682136 -7.3186286426658045

-4.8132890843936975 -6.854637529323315
-6.281000448044214 19.129733404188823
