80

-0.42441551249198367 0.013458676650749048
0.3947186039546611 -0.5476396840052219

6.605607519567319 2.919155117236972
1.9491118182984817 0.6280668776699541

1.2063555495355194 1.9019317266120896
8.344728525540726 2.211890013074255

5.376743550722523 0.049025834156803075
1.2704963795355628 0.0018672292496741778

1.4308690782407065 0.012275869707469595
0.07214429328820553 -0.0008455207731322188

1.1766924221800898 -0.06460770271488336
2.4290650759151546 -0.4065836361886373

2.662783376278926 0.03347651118035968
1.6636783741141326 -0.0026040770218532703

0.4871173485721134 0.0357357984111363
0.5015924490440761 -0.07150664750930129

0.2697504097307615 0.049414467054247964
0.9497335663637462 -0.18542715711167376

2.638403939649095 1.637293329560434
5.912807794300404 4.041126841874917

6.021253425492886 1.3347767157049193
12.502889300058957 -3.133104530797972

-0.41493504317377067 0.8339672077413601
5.014241902522504 2.8022936375265854

1.5033148611264984 0.28841126214149726
4.090724405380122 -0.8540798190346658

1.3167149185169378 -2.465084937351492
8.81045422907845 -2.761871872343575

-4.629767422063509 0.12119420590443143
3.9977231986144806 9.471717482233968

0.9651388772856516 0.392490688264688
4.11300296661893 0.3494375950183642

0.9408583707628411 -0.15891571012135225
3.199318478206998 -0.5630108092266353

3.3985435303257896 0.18963775576571748
1.8790240922272985 -0.10140672809454729

3.4866462402092484 -0.10388294976219536
1.844700726909031 0.05370408852400233

1.6201324516985256 -0.23414246876499836
4.113421133790324 0.8084851513595006

1.9004498038138857 0.2068392207362533
6.201431465599461 -0.12254658879343155

1.5535044075355449 -0.08658890027277408
4.691895803335092 -0.45691772798103014

2.5668617282130004 5.198870628184795
-0.8373699128860668 -2.345919844276328

8.465919666127736 2.085062757020374
1.1404389111727293 1.1586777671993727

2.5529852629576273 -5.875677054897933
-1.3562505373323896 2.4175799018279807

1.2041015191653663 0.04150178737016136
3.2669624020438985 -0.0026800651122158656

1.6589822256636775 3.2258226774664123
0.933411764701057 -2.6981254220253725

0.09902255723708459 0.09251116688367367
1.2890255299838036 -0.5062040673424382

5.576496691207415 1.642428905123136
2.804030549217588 -0.7466277812655487

-0.5198017826488829 0.2503702568783575
0.7680235931742377 -0.07717357775120626

6.780970952301201 5.115352927650563
-0.3977986364648554 1.536444306879211

8.282062408773223 -1.9282653930137297
1.1333180513972136 -1.0388545102937767

2.494755403752306 3.191310640016492
0.3686588382492992 -3.2094381768963904

3.608539478723394 -1.648840290276542
2.7813615743805595 -5.908305799987766

-1.1644394969494076 -0.5822400985502532
4.2554528171131825 -4.114751671027716

-2.6509328895705973 -0.16192245146575107
-2.235117463924381 1.637333516775552

7.082776684142285 -5.269120772485564
-0.2683683454836694 -1.7105250920874475

10.564455646636972 -0.6056833333043805
3.65940964282729 -1.393670236828454

2.3009127699116254 -3.488638281406956
0.8636198035738142 3.411471413362795

0.057769315643357556 0.07754272369024062
-0.09741909817265175 0.527707810103497

-0.39808333780875005 -2.8863699305133492
7.7683427178305235 -4.86358546930892

0.6716435019497226 -2.1886447150591204
1.0197755467384246 1.6602313954465198

-2.058770777951509 -0.09665305126273435
-1.7046007117603377 -1.565592096984552

6.312060339065393 -2.759551282917401
2.0673589609717884 -0.5379892156067155

-0.9558695780288763 -0.37736219007576016
-0.7084170832905069 0.3570002167233036

6.020257974795704 -1.042752949326813
3.6622871733364826 -0.26037766507393373

2.7649252065451844 0.16094702072803516
4.411518944984243 3.529893662160247

0.6362761310493497 2.3306055418920066
0.9671036252023865 -1.6525744495170724

5.041809337813095 -1.9165024986152728
2.797790468865047 0.7940058123723625

0.1858529140152421 -0.5479289701360606
0.2492702675333521 -0.6818406913641468

-7.124637208560675 5.231468222811473
10.688877141012897 12.302198148889799

1.7098585935866049 -3.1715306712451405
0.9668055267281283 2.6525386313806876

7.895253866303637 -5.243617536242056
-0.4881826472418301 -2.794280216372639

-1.9752880400196118 0.9283277256311332
4.298133857256584 5.171177872763429

16.862583538733933 -7.205938233750708
-0.9453036772634423 -8.986993207077983

0.37387491112677623 -0.018049264365657087
0.10574400552521823 -0.3572353848778815

0.27449874979935374 0.4911551215653158
0.22356097111710746 0.6840372528210021

4.266320761051294 1.8329182791559722
0.9942139684623579 0.5562512817272375

3.6652185770583645 6.388375664563909
-1.566955730066939 0.5390875856820072

-56.14136597342706 8.984111635058968
-22.130721687790928 50.12503181906644

4.247578129961462 -1.792457811326543
1.014948581966227 -0.5430604176398969

-10.510837228533452 -4.861278699121938
-0.4795130340483224 15.128843208609217

2.0006946297296317 3.4619998592592176
10.436619639594507 2.8109983682253956

5.319108297302924 0.3045919682309988
4.3067929594775425 -0.3076855552648509

3.5417667866123823 -6.272245685251608
-1.5215503977119718 -0.46212708420188303

-10.636361171648568 3.993526427163282
0.4072425336560099 -15.351392877867692

-4.307000297477948 -0.9866695419281238
5.196214660910931 -8.869634425028707

-7.150981289354391 -4.833982679884201
10.233081290812144 -12.320768201953262

3.650253398807135 -23.784182014050117
28.040440637384677 -1.1456563486705416

7.5710218710879955 4.827931120535073
-0.3184580640504496 2.569941695882172

17.01772793883472 7.605626793940583
-1.2418917976767143 9.15047337122193

3.793607985829294 23.051711181065553
27.375286523641098 1.0955735559884894

-15.77837884585728 -0.13366448577732443
-13.732375323541378 -0.0880593369116207

-55.81774844864435 -8.751145844181693
-22.135333725259613 -49.774216617070714

0.9105596748073791 0.0058825754338026354
-0.08328321352088541 -0.0069999688368234695

0.6399718134314544 0.015095579877872627
0.2099980766722551 -0.013269106036426401

0.28353209946432073 0.014324355507936514
0.39091649493778324 -0.006820999987367563

0.7253581730396719 0.0007053611170892108
0.2159094662568871 -0.0018323245372647236

0.05450544217177685 -0.00011003428669498296
0.496419081121558 0.000229907487540829

0.7725684092579428 -0.0002391641675806093
0.07877499340384998 -0.00026981538035612503
