62

11.423581077712285 -5.561877422030954e-15
3.050364830768714 2.654552469458736e-16

1.2062992662934564 1.3723980016238212e-15
10.2280322170844 2.625935145648813e-15

4.396064616332075 -2.9610433334278687e-16
1.3054118526548408 -2.541213809938994e-17

1.3189234706550854 1.7430981360307434e-16
0.07348188244404334 -6.99395054818687e-18

1.038850722635894 1.0199047601877996e-15
2.7184988062130606 4.2848051679771275e-15

2.0767278624103205 -2.6615498076324904e-16
1.7475320728442623 -1.6366552943727729e-16

0.43301373178477726 2.80709550962588e-17
0.5718436434015319 5.662799972107037e-17

0.2132021671360275 -3.9818379998680434e-17
1.1096403089204585 -1.6274063271763617e-16

3.176808857555297 9.602096644822887e-17
10.583294453111707 -3.936792906402004e-16

1.6325353102269402 3.203697607580708
10.032076449522007 -0.33938483262060504

-2.7406234724185063 6.388972022984554
-1.5685995954695582 -7.1749365163226475

1.4564716587018793 -0.6084005324100551
6.718066642833854 -1.00617488365366

-0.262608021979395 -0.127232186127945
3.2370307327789876 2.461491320762093

0.9433102638923154 1.3582234272070195
1.5404978273000676 -1.250884808143651

2.3872566471115872 -1.0814073063490735e-15
2.6881548962786046 9.585800172900716e-16

3.5332847784623684 2.98201169174969e-16
1.7901034796757038 1.2871315647668197e-16

1.633100100765042 -0.11779044104137232
4.133012066138705 0.48294502498279307

1.4564716587018813 0.6084005324100569
6.718066642833859 1.0061748836536601

1.633100100765042 0.11779044104137217
4.133012066138705 -0.48294502498279235

8.754596155282835 1.3943520418486698e-15
-0.5972275025717287 8.33161872221159e-16

6.282217209851614 -1.3103516862780207e-15
0.963350149454609 -1.1639618843262037e-15

1.1581268698429963 1.4926936952483316e-16
3.2674640642997113 3.2898677843347877e-16

1.7940137631084707 3.0124166842309803
1.0564795888220755 -2.5292225451387047

-0.26260802197939265 0.1272321861279473
3.237030732778985 -2.4614913207620894

7.450721301710648 -0.3821669476645221
1.9777956441658529 -1.8454768885469914

-22.014320116740603 -1.8754996156467552
3.745795029584954 9.453976924047398

14.27892415825566 3.4163344693011255
2.192549563800654 5.547307165097315

7.198372410074701 -4.729211859189608e-15
1.3116559644340315 -2.2199405566078108e-15

10.116409856978697 -3.8781018268949756
-13.60385720787369 -4.752663003077467

10.116409856978724 3.8781018268949206
-13.603857207873686 4.752663003077509

-16.541235227977577 -3.283646026450531
-14.490454703496647 7.42102461573156

8.164629754177477 -1.9013099713906797e-14
10.33486161018347 1.615533224107248e-15

-0.5010509746412637 -0.1641305216024375
-0.4627955139943667 0.5998940576545175

0.9433102638923182 -1.3582234272070213
1.5404978273000638 1.2508848081436508

-4.894365310463866 6.1449492089185805e-15
-4.413837990209337 6.325402466898551e-15

1.6325353102269404 -3.2036976075807084
10.032076449522014 0.33938483262060704

-2.6702690315251805 5.7781610689295375
-2.5053473047306234 -3.3688132632828083

0.37709089882426433 -0.4525504084095975
0.32134942187018556 -0.5674785751807002

-10.909112441511505 6.352874413858944
12.429265843197726 16.670056944094757

1.7940137631084692 -3.012416684230981
1.0564795888220742 2.529222545138706

26.194864782424975 -15.498524558499666
-6.066131465877005 -16.2252973544042

-2.6702690315251894 -5.778161068929542
-2.5053473047306283 3.3688132632828136

14.278924158255666 -3.4163344693011135
2.1925495638006716 -5.547307165097322

-0.5010509746412635 0.1641305216024378
-0.462795513994368 -0.5998940576545175

0.377090898824265 0.4525504084095971
0.32134942187018534 0.5674785751807002

3.9222714616661705 1.6567737584700892
0.9949185471430319 0.3931972236284431

1.7939442391282916 6.348449401764023
-1.7752752681401376 -0.4537650693801925

3.9222714616661714 -1.6567737584700866
0.994918547143033 -0.39319722362844195

-2.7406234724185357 -6.388972022984537
-1.5685995954695438 7.174936516322679

-3.050070836656983 5.536928832125679
11.390247634968524 7.849563645697131

4.802597358799963 1.5537364343046427e-17
4.4313055770083585 3.283742622785444e-17

1.7939442391282827 -6.348449401764013
-1.775275268140133 0.45376506938019817

-3.0500708366569915 -5.536928832125689
11.390247634968535 -7.849563645697144

7.450721301710646 0.38216694766451914
1.9777956441658546 1.8454768885469919

26.19486478242486 15.498524558499708
-6.066131465877011 16.225297354404137

-46.065619471087366 -3.9609817005271203e-13
-39.18628950369696 -3.6960333005863097e-13

0.8976741230747513 1.1960789450398074e-15
-0.06754786055608851 -1.302779664288766e-15

0.5979158380632958 7.899917682694607e-16
0.23700456079443413 -1.4761425480786008e-16

0.2379992318538031 -3.201299179529802e-17
0.4117442547588879 -7.207244756897378e-18

0.7233256813416032 -5.3930739096823426e-18
0.21802010109503647 -1.876821957644703e-17

0.054503263568502644 -1.5504386354928716e-16
0.49592211174997064 4.806833715354349e-17

0.7731446051594955 -8.672534021754844e-16
0.0791326200801691 1.0809193700611021e-15
