24

3.1768088575552955 0.0
10.5832944531117 0.0

4.396064616332076 0.0
1.3054118526548413 0.0

1.3189234706550854 0.0
0.07348188244404287 0.0

1.0388507226358945 0.0
2.718498806213063 0.0

2.07672786241032 0.0
1.747532072844264 0.0

0.4330137317847776 0.0
0.5718436434015317 0.0

0.21320216713602758 0.0
1.109640308920459 0.0

0.7731446051594942 0.0
0.07913262008017088 0.0

3.533284778462366 0.0
1.7901034796757036 0.0

0.7233256813416022 0.0
0.2180201010950362 0.0

6.282217209851614 0.0
0.9633501494546096 0.0

0.5979158380632954 0.0
0.23700456079443466 0.0

0.23799923185380228 0.0
0.41174425475888893 0.0

0.8976741230747506 0.0
-0.06754786055608776 0.0

0.05450326356850284 0.0
0.49592211174997075 0.0

8.164629754177495 0.0
10.33486161018347 0.0

8.754596155282847 0.0
-0.597227502571734 0.0

2.387256647111586 0.0
2.6881548962786046 0.0

1.1581268698429965 0.0
3.2674640642997113 0.0

4.802597358799963 0.0
4.4313055770083585 0.0

11.42358107771229 0.0
3.05036483076872 0.0

1.2062992662934542 0.0
10.22803221708439 0.0

7.1983724100746995 0.0
1.3116559644340313 0.0

-4.894365310463866 0.0
-4.413837990209336 0.0
