14

0.265561772643793 0.2628128615142689
-0.6646088393881776 0.05696108880379212

4.007258369975182 3.387534302236501
-4.131666526343895 1.3563743442852212

13.654443788484656 0.0035239233032261607
-0.10469759923431923 0.031435163241470374

-5.417242348747792 -4.44278716353065
6.954243710440702 14.275326687206672

7.019310682623591 0.46508851972691345
6.799007228549106 0.7252421804244047

4.777799025978874 5.484698612395478
1.0399283802782622 3.2322002316639464

9.448347903633312 7.330033916517052
6.90643823953012 0.1452470618905274

4.96522205134543 -4.76392505456345
-0.3562595771662411 1.1976382800099818

8.352872497633475 7.013317556393915
-6.2159969677792715 -0.9408879718525954

9.346930734240884 -7.020323723539428
-6.891772426112538 -0.03572190150379692

8.628901962569175 -7.57039582027342
6.10180624866758 -1.1750889860597027

-5.734724224768791 8.102852020076764
-5.289620038628571 -26.40954493721969

3.2399847614271886 -6.512609594159413
-9.90041332852582 -4.653751291241307

5.208590231312854 -10.731971900391711
-25.179248464345076 -20.895306577166014
