9

0.24019879259471463 -4.975326127540235e-16
0.6462876625939317 -3.3202274815573256e-18

-5.9812520290048345 6.484355549332704
-15.850517323159025 1.6718905349175477

13.795122982881756 -5.753970363403072e-18
-0.10215378573628686 -2.7370014493634686e-18

-19.196301403851333 2.872511819883219e-15
17.94721559660878 -4.494038151731085e-16

14.082912701198756 -1.0805695525467303e-16
9.071511380540702 -3.879874526400755e-16

3.6143037072408144 -2.793595677237927e-16
12.454609261054072 -2.322476387908859e-16

-5.981252029004836 -6.484355549332694
-15.850517323159032 -1.6718905349175417

-14.14401903919253 3.467638177192623e-15
0.8670430578243932 -5.789242263743116e-16

13.570286317137493 5.35907371601519e-16
-9.183478526567542 -1.2343574121593173e-16
