13

-0.046921499152728974 -0.5532914649228091
-0.2914562229014767 -0.4817853567539858

0.49286521913817194 0.31766737598126826
-0.3069971928851002 -0.503075903871609

-4.535692764292809 5.177136357435828
-1.9782073469710493 -10.871207313254713

7.0029338197085895 -0.005175409176442438
3.1343371438770427 -0.440262687987031

4.120651500360957 -0.8639683147021854
4.473885039543249 -2.349584618379601

6.972446265348596 -0.013262401005108124
3.6169125682953975 2.068469861640232

4.969905797129426 1.4658210029543843
4.562385555541261 3.393342143684766

-0.4384351535744492 0.24180699095756844
-0.2885799623333586 -0.500083874292543

-2.908471814892278 -6.749315742611564
10.106473484967749 -9.354631749350137

-2.785205304554215 6.976504419941833
10.145495266838575 10.467931500440928

3.245874821029129 -3.4806860785130156
0.42292355935297954 4.728116237010909

-4.32157925251332 -5.408469727585599
-1.9446936663589505 11.882661028044945

2.1639162907812604 2.9778294692058034
0.41128396050859 -3.734208536064463
