8

-1.3609887267802072 -3.299869179664607
-5.148553962442874 -0.29916049850503784

7.100511243838767 1.525492197081257e-17
2.993276697670612 -4.042288514887387e-18

3.899123831182999 -5.525499028670644e-17
5.158882129599855 -1.0985522870236002e-16

-1.3609887267802054 3.2998691796646074
-5.148553962442872 0.2991604985050405

-1.8768842397030692 -4.869574113581555
6.95451343249855 0.3184730992880338

-14.230515014727722 -3.77172937874202e-15
2.8330294956326996 3.720755663916733e-16

2.7066258726724928 1.2928803383759493e-16
-4.09710726301452 3.5345199706314923e-17

-1.8768842397030692 4.869574113581556
6.95451343249855 -0.318473099288033
